0.027     -0.431
-0.027     -0.019
-0.256     -0.635
0.292     -0.207
0.017     -0.042
0.056     -0.301
0.068     0.077
0.398     0.341
-0.256     -0.556
0.179     -0.067
-0.082     -0.546
-0.063     -0.259
0.138     -0.099
-0.037     -0.167
0.282     0.081
0.128     -0.062
0.366     0.361
-0.079     0.250
0.218     0.037
0.515     0.488
0.048     -0.602
0.409     0.125
0.028     0.033
0.076     -0.496
-0.320     -0.287
0.086     0.427
0.416     0.789
0.110     -0.400
0.157     -0.166
-0.065     -0.066
0.063     -0.294
0.293     0.504
0.013     -0.193
-0.179     0.624
0.113     -0.219
0.200     -0.084
-0.201     0.085
-0.818     -0.539
0.029     0.655
-0.065     -0.309
0.502     0.593
-0.197     0.339
0.034     0.158
0.028     0.104
0.175     0.133
-0.035     0.015
-0.525     -0.256
0.039     0.589
-0.173     0.608
-0.169     -0.720
-0.179     -0.423
0.080     -0.168
-0.221     -0.664
-0.014     -0.240
-0.287     0.118
-0.207     -0.353
-0.415     -0.099
-0.045     -0.044
0.014     -0.561
0.003     -0.318
0.425     0.100
-0.271     -0.477
0.314     0.347
0.047     -0.291
0.449     0.817
0.439     0.538
0.182     -0.150
0.240     -0.051
-0.413     -0.371
0.106     0.017
-0.347     0.268
-0.456     -0.674
0.298     -0.177
0.361     -0.095
0.208     0.347
0.269     0.354
0.086     0.003
-0.527     -0.465
0.070     0.412
-0.498     -0.651
-0.276     -0.667
0.224     -0.088
-0.072     -0.474
-0.140     -0.319
0.052     -0.583
0.367     -0.020
-0.214     -0.641
0.488     0.060
-0.200     -0.496
0.405     0.238
0.259     0.096
0.284     0.119
0.104     0.386
0.222     -0.097
0.515     0.560
0.324     0.231
0.530     0.249
-0.233     -0.478
-0.426     -0.393
0.013     -0.303
0.375     0.167
0.181     -0.213
0.297     0.255
-0.102     -0.315
0.112     -0.407
0.711     0.285
-0.173     -0.444
0.263     -0.161
0.337     0.256
0.235     0.032
0.125     -0.353
-0.099     -0.514
0.020     -0.164
0.104     -0.108
0.387     -0.208
0.153     0.174
-0.643     -0.270
0.173     -0.214
-0.380     0.426
-0.149     -0.357
0.138     0.046
0.100     -0.320
-0.213     -0.550
-0.244     -0.482
0.049     -0.126
0.134     0.011
-0.024     -0.151
0.145     -0.021
-0.385     0.325
0.023     -0.444
-0.006     -0.322
0.136     -0.453
-0.054     -0.610
0.471     0.316
-0.067     -0.741
0.062     -0.241
-0.317     -0.101
-0.005     -0.552
0.154     0.306
0.119     0.361
-0.330     -0.154
0.057     0.013
0.280     0.063
-0.053     -0.515
0.076     -0.335
0.588     0.238
-0.159     -0.721
0.315     0.119
0.324     -0.058
0.155     -0.377
0.436     0.394
-0.452     -0.461
0.233     0.090
-0.278     -0.252
0.457     0.438
0.273     0.139
-0.141     -0.159
0.076     -0.457
-0.228     0.230
0.037     -0.626
-0.004     -0.364
0.217     0.234
0.018     -0.224
0.349     0.515
0.310     0.239
-0.441     -0.294
-0.060     -0.515
0.195     -0.093
0.276     -0.125
0.051     -0.320
0.050     -0.166
-0.123     -0.348
0.241     -0.324
-0.454     -0.203
0.003     -0.572
0.023     -0.211
0.160     -0.242
-0.265     -0.654
-0.189     -0.525
-0.101     -0.468
0.108     -0.264
0.425     0.637
0.189     -0.427
0.247     -0.324
-0.125     -0.389
0.115     0.085
-0.648     0.235
0.098     -0.302
0.132     -0.090
0.148     -0.135
0.282     -0.133
0.216     0.025
-0.061     -0.437
-0.202     0.048
-0.267     0.609
0.541     0.552
-0.116     -0.223
-0.122     0.069
0.154     0.313
-0.050     -0.523
0.095     -0.288
-0.118     0.307
-0.276     0.039
-0.269     -0.506
-0.001     -0.558
-0.083     -0.590
0.596     0.486
0.720     0.735
0.214     -0.127
0.555     0.448
0.407     0.376
-0.005     -0.609
0.001     -0.513
-0.640     -0.600
-0.208     -0.382
-0.025     0.217
0.488     0.205
0.086     -0.123
-0.408     -0.257
0.180     0.520
0.134     -0.158
-0.326     -0.362
0.105     0.043
-0.060     -0.136
-0.041     0.637
0.102     -0.254
-0.177     -0.630
0.373     0.185
-0.055     0.076
0.336     0.376
0.302     0.058
-0.089     0.095
-0.239     -0.204
-0.130     -0.505
0.203     0.121
0.022     0.505
-0.022     -0.320
0.229     -0.292
0.047     -0.075
-0.074     -0.489
-0.286     0.107
-0.455     -0.111
0.673     0.532
0.220     0.538
0.439     0.557
-0.156     0.009
0.062     -0.305
0.108     -0.166
0.367     0.645
0.397     0.075
0.119     -0.026
0.064     -0.110
-0.022     -0.261
0.407     -0.091
-0.461     -0.370
-0.356     0.243
0.035     -0.192
-0.459     0.225
-0.586     -0.357
0.349     -0.121
0.201     -0.081
-0.046     -0.501
-0.479     -0.323
-0.348     -0.686
-0.041     -0.455
0.077     -0.387
-0.219     -0.527
0.137     0.377
0.094     -0.293
0.023     -0.196
-0.097     -0.355
0.183     0.108
0.135     -0.321
-0.353     -0.359
0.133     0.041
0.178     0.164
-0.001     -0.597
0.104     0.344
0.530     0.386
-0.149     -0.230
-0.018     0.489
-0.386     -0.320
-0.260     -0.264
-0.647     -0.085
-0.079     -0.028
-0.103     -0.272
0.326     -0.153
-0.589     0.056
-0.198     0.006
0.042     -0.491
0.220     0.094
0.209     -0.068
0.155     -0.162
-0.136     0.571
0.153     -0.459
-0.138     0.052
-0.215     -0.598
-0.240     -0.102
0.176     0.592
0.207     -0.280
-0.218     -0.531
0.030     0.745
-0.219     -0.674
0.211     0.205
-0.229     -0.345
0.239     0.157
0.186     0.157
-0.286     0.547
-0.121     -0.436
0.632     0.780
0.016     -0.467
-0.278     -0.298
-0.090     -0.007
-0.359     -0.451
-0.011     -0.501
0.557     0.484
-0.221     -0.533
0.128     -0.351
0.102     0.053
0.035     -0.139
0.057     -0.006
-0.134     -0.483
-0.157     -0.096
0.090     -0.079
-0.324     0.090
0.038     -0.070
0.028     0.334
-0.453     -0.479
0.215     0.026
-0.029     -0.389
0.198     -0.409
-0.326     0.586
0.133     -0.518
0.054     -0.451
0.482     0.152
-0.091     -0.331
-0.079     -0.570
-0.060     -0.074
0.309     -0.043
-0.279     -0.038
0.019     -0.088
-0.491     0.249
0.191     0.186
0.032     -0.184
0.270     -0.027
0.012     -0.418
0.060     -0.367
0.113     -0.301
0.419     0.571
0.207     0.489
0.542     0.540
-0.336     0.026
-0.047     -0.508
-0.373     -0.674
0.130     -0.400
-0.219     0.195
-0.028     -0.164
0.441     0.385
-0.302     -0.164
0.206     -0.284
-0.296     -0.540
0.127     0.089
0.024     0.351
-0.156     -0.450
-0.528     0.446
0.387     -0.123
0.220     -0.297
-0.484     -0.372
-0.046     -0.233
0.027     -0.428
0.073     0.387
-0.046     -0.443
-0.030     -0.092
0.318     0.081
-0.133     0.037
0.452     0.341
0.266     0.540
-0.094     0.197
0.111     -0.215
0.168     -0.483
-0.271     -0.576
-0.435     -0.091
0.016     -0.031
0.352     0.114
0.346     0.325
0.059     -0.346
-0.200     -0.567
0.058     -0.346
-0.077     -0.603
-0.596     -0.667
0.177     -0.164
0.184     0.668
-0.064     -0.253
-0.288     -0.416
-0.038     -0.593
0.336     0.083
0.047     -0.047
-0.114     -0.374
-0.134     -0.087
-0.075     -0.107
0.209     0.258
0.043     -0.383
-0.116     -0.596
-0.074     -0.152
0.260     0.155
0.011     -0.135
-0.111     0.273
-0.196     -0.645
0.032     -0.306
-0.497     -0.005
-0.117     -0.615
-0.124     -0.504
0.334     -0.204
0.150     0.065
0.134     -0.415
0.126     -0.082
0.267     0.079
-0.015     0.121
0.171     -0.369
0.073     -0.173
-0.167     -0.070
0.098     -0.056
0.201     -0.106
-0.118     -0.402
-0.102     -0.642
-0.480     -0.506
-0.496     -0.403
0.254     -0.312
0.155     0.042
0.799     0.791
-0.007     -0.120
-0.215     -0.833
-0.176     -0.644
-0.019     -0.181
0.432     0.303
-0.274     -0.317
-0.192     -0.624
0.040     -0.445
-0.205     -0.248
0.097     -0.077
-0.392     -0.094
0.013     -0.253
-0.366     0.015
0.020     0.007
-0.020     -0.423
-0.152     -0.491
-0.019     -0.254
0.583     0.383
-0.422     0.652
0.241     0.024
0.084     -0.217
0.004     -0.388
0.298     0.108
0.602     0.331
0.209     0.146
-0.396     -0.465
0.178     0.058
-0.197     0.524
-0.152     0.581
-0.023     -0.255
-0.029     -0.615
-0.439     0.306
0.204     -0.257
0.228     -0.007
0.166     0.067
-0.142     -0.433
0.284     0.094
-0.012     -0.245
0.196     -0.086
-0.040     -0.557
0.050     0.265
0.021     0.652
0.182     0.019
-0.258     -0.192
0.216     -0.357
-0.240     -0.636
0.051     -0.279
-0.051     0.277
-0.067     -0.398
0.062     0.312
0.225     0.208
0.283     -0.009
0.254     -0.190
-0.328     -0.186
0.023     -0.243
0.023     0.193
0.210     -0.240
0.213     0.010
-0.083     -0.031
0.056     -0.364
0.210     -0.128
-0.763     -0.792
0.223     0.138
0.473     0.283
0.089     -0.148
0.388     0.285
-0.650     0.345
0.018     -0.311
-0.036     -0.097
0.099     0.113
0.115     0.055
-0.257     -0.087
-0.149     -0.396
-0.139     -0.596
0.190     -0.036
-0.041     -0.359
-0.021     -0.307
0.066     -0.291
-0.223     -0.365
-0.183     -0.219
0.323     0.159
0.287     -0.241
-0.117     0.716
-0.034     -0.623
0.160     0.032
-0.249     -0.687
0.556     0.481
0.149     0.129
-0.116     -0.372
-0.133     0.140
-0.085     -0.236
0.041     -0.056
-0.248     0.306
-0.198     -0.564
-0.183     -0.567
-0.208     -0.249
0.147     -0.084
-0.252     0.271
-0.093     -0.500
0.152     -0.169
-0.257     0.144
-0.043     0.106
0.072     -0.132
0.014     -0.317
0.020     -0.399
0.199     0.271
0.022     0.619
-0.059     -0.194
0.718     0.495
-0.134     -0.427
-0.219     -0.315
-0.104     -0.199
0.563     0.621
-0.119     -0.366
0.215     -0.204
-0.350     -0.508
0.420     0.662
-0.048     -0.238
-0.136     -0.157
0.073     -0.255
0.083     0.299
-0.332     -0.033
-0.066     -0.542
-0.445     0.059
0.035     -0.358
0.401     0.347
0.376     0.250
0.025     -0.328
0.392     0.543
0.257     -0.300
0.083     -0.358
0.123     -0.186
-0.042     -0.180
0.054     0.102
0.383     0.355
0.552     0.383
0.052     -0.376
-0.058     -0.602
0.161     0.272
0.110     -0.026
-0.503     -0.714
0.176     0.357
0.135     -0.196
-0.165     -0.575
0.157     -0.378
-0.088     0.204
0.146     -0.232
-0.039     -0.300
-0.003     -0.084
0.217     0.243
0.382     0.483
0.115     -0.298
-0.056     -0.155
0.049     -0.441
-0.016     -0.268
0.244     0.100
-0.412     0.255
-0.287     -0.532
0.369     0.365
-0.127     -0.491
-0.271     -0.106
-0.132     -0.041
0.130     -0.409
0.421     -0.068
-0.388     -0.457
0.318     0.435
-0.428     -0.227
0.544     0.433
0.151     0.092
0.263     0.310
0.167     -0.503
0.064     -0.417
0.257     0.042
0.469     0.488
0.146     -0.515
0.183     -0.165
0.575     0.407
-0.326     -0.160
0.167     -0.226
0.220     -0.348
-0.282     -0.674
0.258     -0.030
-0.044     -0.263
-0.153     0.025
-0.086     -0.329
-0.072     -0.328
0.088     0.128
0.465     0.203
0.462     0.289
0.067     0.067
0.151     0.110
-0.288     -0.750
-0.120     -0.187
-0.126     -0.375
0.033     -0.094
0.107     -0.183
-0.008     -0.510
0.344     0.599
0.275     0.336
-0.196     -0.621
0.204     0.585
0.196     -0.094
-0.064     0.237
0.173     -0.327
0.114     -0.126
