-0.011     -0.173         6.41309e-06
-0.575     -0.353	  6.41309e-06
-0.038     0.648	  6.41309e-06
-0.407     -0.747	  6.41309e-06
-0.151     0.368	  6.41309e-06
-0.512     -0.172	  6.41309e-06
-0.239     0.610	  6.41309e-06
-0.293     -0.211	  6.41309e-06
-0.135     -0.475	  6.41309e-06
-0.106     0.264	  6.41309e-06
-0.193     0.373	  6.41309e-06
-0.623     0.336	  6.41309e-06
0.034     -0.123	  6.41309e-06
-0.049     -0.141	  6.41309e-06
-0.244     -0.425	  6.41309e-06
0.050     -0.444	  6.41309e-06
-0.172     -0.477	  6.41309e-06
-0.705     -0.445	  6.41309e-06
0.065     -0.326	  6.41309e-06
-0.642     -0.776	  6.41309e-06
-0.056     0.294	  6.41309e-06
-0.342     -0.309	  6.41309e-06
-0.435     -0.022	  6.41309e-06
-0.297     0.086	  6.41309e-06
-0.304     0.553	  6.41309e-06
-0.578     0.058	  6.41309e-06
-0.377     -0.153	  6.41309e-06
0.180     -0.042	  6.41309e-06
-0.131     0.032	  6.41309e-06
-0.407     -0.431	  6.41309e-06
-0.593     -0.455	  6.41309e-06
-0.375     -0.040	  6.41309e-06
-0.478     -0.203	  6.41309e-06
-0.240     -0.243	  6.41309e-06
-0.176     0.319	  6.41309e-06
-0.188     0.603	  6.41309e-06
-0.485     -0.633	  6.41309e-06
-0.223     -0.316	  6.41309e-06
-0.033     0.175	  6.41309e-06
-0.097     -0.689	  6.41309e-06
0.158     0.540		  6.41309e-06
0.144     0.020		  6.41309e-06
-0.282     -0.331	  6.41309e-06
-0.223     -0.609	  6.41309e-06
0.190     0.110		  6.41309e-06
-0.394     0.057	  6.41309e-06
-0.424     0.610	  6.41309e-06
-0.484     0.277	  6.41309e-06
-0.242     0.070	  6.41309e-06
-0.679     0.357	  6.41309e-06
-0.392     -0.315	  6.41309e-06
-0.158     -0.618	  6.41309e-06
0.256     0.166		  6.41309e-06
0.012     0.237		  6.41309e-06
-0.634     0.530	  6.41309e-06
0.082     0.212		  6.41309e-06
0.098     -0.207	  6.41309e-06
-0.505     -0.153	  6.41309e-06
-0.027     0.035	  6.41309e-06
-0.494     -0.715	  6.41309e-06
0.191     0.082		  6.41309e-06
-0.045     -0.285	  6.41309e-06
-0.137     -0.428	  6.41309e-06
-0.169     -0.477	  6.41309e-06
-0.220     -0.310	  6.41309e-06
-0.524     -0.639	  6.41309e-06
-0.416     -0.224	  6.41309e-06
-0.479     -0.354	  6.41309e-06
-0.293     0.159	  6.41309e-06
-0.111     0.407	  6.41309e-06
-0.219     -0.136	  6.41309e-06
-0.152     -0.146	  6.41309e-06
0.148     -0.377	  6.41309e-06
-0.062     -0.279	  6.41309e-06
-0.106     -0.561	  6.41309e-06
0.020     0.147		  6.41309e-06
-0.206     -0.096	  6.41309e-06
-0.611     -0.080	  6.41309e-06
-0.354     -0.275	  6.41309e-06
-0.508     -0.866	  6.41309e-06
-0.609     0.054	  6.41309e-06
0.444     -0.054	  6.41309e-06
-0.442     -0.227	  6.41309e-06
-0.585     -0.766	  6.41309e-06
-0.100     -0.327	  6.41309e-06
-0.282     -0.461	  6.41309e-06
-0.115     -0.272	  6.41309e-06
-0.364     -0.054	  6.41309e-06
-0.380     -0.564	  6.41309e-06
0.365     0.454		  6.41309e-06
0.194     -0.053	  6.41309e-06
0.110     -0.314	  6.41309e-06
0.267     0.041		  6.41309e-06
-0.411     -0.582	  6.41309e-06
-0.115     -0.413	  6.41309e-06
-0.299     -0.482	  6.41309e-06
-0.262     0.568	  6.41309e-06
-0.043     0.691	  6.41309e-06
-0.232     0.536	  6.41309e-06
-0.522     -0.414	  6.41309e-06
-0.590     -0.740	  6.41309e-06
-0.458     -0.757	  6.41309e-06
0.556     0.140		  6.41309e-06
-0.022     -0.240	  6.41309e-06
0.120     -0.201	  6.41309e-06
-0.406     -0.080	  6.41309e-06
-0.274     -0.276	  6.41309e-06
-0.194     0.055	  6.41309e-06
-0.402     0.418	  6.41309e-06
-0.644     0.167	  6.41309e-06
0.005     0.206		  6.41309e-06
-0.167     0.035	  6.41309e-06
-0.313     -0.348	  6.41309e-06
-0.053     -0.376	  6.41309e-06
-0.587     -0.056	  6.41309e-06
0.164     -0.117	  6.41309e-06
-0.215     -0.006	  6.41309e-06
-0.524     0.397	  6.41309e-06
0.176     0.535		  6.41309e-06
0.294     -0.114	  6.41309e-06
-0.263     -0.761	  6.41309e-06
-0.520     -0.025	  6.41309e-06
-0.236     0.199	  6.41309e-06
-0.648     -0.219	  6.41309e-06
0.110     -0.248	  6.41309e-06
-0.480     -0.638	  6.41309e-06
0.041     0.032		  6.41309e-06
0.185     0.273		  6.41309e-06
0.201     0.357		  6.41309e-06
-0.652     -0.059	  6.41309e-06
0.197     0.282		  6.41309e-06
-0.189     -0.623	  6.41309e-06
-0.101     0.042	  6.41309e-06
-0.271     -0.171	  6.41309e-06
-0.232     -0.109	  6.41309e-06
-0.374     -0.492	  6.41309e-06
-0.280     -0.281	  6.41309e-06
-0.251     -0.052	  6.41309e-06
-0.599     -0.399	  6.41309e-06
-0.384     -0.130	  6.41309e-06
-0.303     -0.137	  6.41309e-06
0.090     0.084		  6.41309e-06
-0.534     0.412	  6.41309e-06
0.170     0.066		  6.41309e-06
-0.507     -0.476	  6.41309e-06
-0.728     -0.319	  6.41309e-06
-0.236     0.157	  6.41309e-06
-0.049     -0.266	  6.41309e-06
0.146     0.519		  6.41309e-06
-0.307     -0.362	  6.41309e-06
-0.420     -0.246	  6.41309e-06
0.009     -0.504	  6.41309e-06
-0.704     -0.355	  6.41309e-06
-0.053     -0.198	  6.41309e-06
-0.100     0.115	  6.41309e-06
-0.433     -0.083	  6.41309e-06
-0.079     -0.506	  6.41309e-06
-0.323     -0.180	  6.41309e-06
-0.193     -0.702	  6.41309e-06
-0.292     0.421	  6.41309e-06
-0.538     0.312	  6.41309e-06
-0.318     -0.011	  6.41309e-06
-0.139     -0.122	  6.41309e-06
-0.595     -0.559	  6.41309e-06
-0.455     -0.323	  6.41309e-06
0.430     -0.057	  6.41309e-06
-0.294     -0.591	  6.41309e-06
0.142     -0.158	  6.41309e-06
-0.656     -0.639	  6.41309e-06
-0.707     -0.654	  6.41309e-06
0.038     -0.222	  6.41309e-06
0.059     0.043		  6.41309e-06
-0.032     -0.350	  6.41309e-06
0.008     -0.253	  6.41309e-06
-0.121     -0.133	  6.41309e-06
0.101     -0.372	  6.41309e-06
0.001     0.105		  6.41309e-06
-0.179     0.059	  6.41309e-06
-0.634     -0.697	  6.41309e-06
-0.086     -0.366	  6.41309e-06
-0.341     0.078	  6.41309e-06
0.291     0.269		  6.41309e-06
0.036     0.311		  6.41309e-06
-0.237     0.030	  6.41309e-06
-0.351     0.015	  6.41309e-06
-0.552     0.269	  6.41309e-06
0.350     0.069		  6.41309e-06
-0.044     -0.271	  6.41309e-06
-0.324     -0.211	  6.41309e-06
0.113     -0.305	  6.41309e-06
0.091     -0.500	  6.41309e-06
0.358     0.667		  6.41309e-06
0.169     -0.329	  6.41309e-06
-0.642     -0.204	  6.41309e-06
-0.677     0.162	  6.41309e-06
-0.329     0.268	  6.41309e-06
-0.661     0.582	  6.41309e-06
-0.386     -0.662	  6.41309e-06
-0.438     0.109	  6.41309e-06
0.017     0.182		  6.41309e-06
-0.239     0.663	  6.41309e-06
0.300     0.554		  6.41309e-06
-0.693     -0.250	  6.41309e-06
-0.727     -0.549	  6.41309e-06
-0.026     -0.649	  6.41309e-06
0.086     -0.542	  6.41309e-06
-0.153     0.252	  6.41309e-06
-0.002     0.217	  6.41309e-06
-0.062     -0.297	  6.41309e-06
-0.148     0.432	  6.41309e-06
-0.117     -0.106	  6.41309e-06
-0.388     -0.737	  6.41309e-06
-0.042     -0.449	  6.41309e-06
-0.134     -0.543	  6.41309e-06
-0.143     -0.590	  6.41309e-06
-0.043     -0.446	  6.41309e-06
0.087     0.277		  6.41309e-06
0.313     0.359		  6.41309e-06
-0.600     -0.487	  6.41309e-06
0.053     -0.549	  6.41309e-06
-0.601     -0.278	  6.41309e-06
-0.307     0.139	  6.41309e-06
-0.562     0.205	  6.41309e-06
0.095     -0.443	  6.41309e-06
-0.546     0.076	  6.41309e-06
0.011     -0.234	  6.41309e-06
-0.607     0.098	  6.41309e-06
-0.231     0.461	  6.41309e-06
-0.160     -0.510	  6.41309e-06
-0.419     0.354	  6.41309e-06
0.169     0.384		  6.41309e-06
0.120     -0.376	  6.41309e-06
-0.472     -0.261	  6.41309e-06
0.138     -0.144	  6.41309e-06
-0.003     -0.353	  6.41309e-06
-0.119     -0.464	  6.41309e-06
-0.594     -0.260	  6.41309e-06
0.168     0.114		  6.41309e-06
0.167     0.004		  6.41309e-06
-0.164     0.033	  6.41309e-06
-0.453     -0.162	  6.41309e-06
-0.435     -0.740	  6.41309e-06
-0.346     -0.403	  6.41309e-06
-0.083     0.544	  6.41309e-06
0.041     0.102		  6.41309e-06
-0.356     0.170	  6.41309e-06
0.426     0.714		  6.41309e-06
0.007     -0.196	  6.41309e-06
-0.072     0.012	  6.41309e-06
0.139     0.086		  6.41309e-06
-0.148     0.391	  6.41309e-06
0.049     -0.226	  6.41309e-06
-0.188     0.094	  6.41309e-06
-0.181     -0.637	  6.41309e-06
0.498     0.210		  6.41309e-06
-0.131     0.143	  6.41309e-06
-0.020     -0.059	  6.41309e-06
-0.390     0.139	  6.41309e-06
-0.250     0.008	  6.41309e-06
0.239     -0.285	  6.41309e-06
-0.220     0.475	  6.41309e-06
-0.328     0.290	  6.41309e-06
-0.273     0.193	  6.41309e-06
0.047     0.718		  6.41309e-06
-0.050     -0.578	  6.41309e-06
-0.255     -0.788	  6.41309e-06
0.018     -0.516	  6.41309e-06
0.221     -0.011	  6.41309e-06
-0.297     -0.390	  6.41309e-06
-0.322     -0.361	  6.41309e-06
-0.052     -0.649	  6.41309e-06
-0.050     0.066	  6.41309e-06
-0.213     -0.186	  6.41309e-06
0.264     0.318		  6.41309e-06
-0.165     -0.331	  6.41309e-06
0.005     -0.249	  6.41309e-06
-0.422     -0.270	  6.41309e-06
-0.203     -0.633	  6.41309e-06
0.150     0.175		  6.41309e-06
0.136     0.024		  6.41309e-06
-0.427     -0.356	  6.41309e-06
0.211     -0.077	  6.41309e-06
-0.106     0.395	  6.41309e-06
-0.027     -0.101	  6.41309e-06
-0.266     0.118	  6.41309e-06
-0.591     -0.035	  6.41309e-06
-0.618     0.164	  6.41309e-06
-0.188     -0.421	  6.41309e-06
-0.078     0.198	  6.41309e-06
-0.503     0.065	  6.41309e-06
-0.125     -0.554	  6.41309e-06
-0.422     -0.524	  6.41309e-06
0.092     0.067		  6.41309e-06
-0.505     -0.049	  6.41309e-06
-0.262     -0.630	  6.41309e-06
0.061     -0.150	  6.41309e-06
-0.237     -0.672	  6.41309e-06
-0.860     -0.152	  6.41309e-06
-0.318     0.109	  6.41309e-06
-0.481     -0.067	  6.41309e-06
-0.451     0.335	  6.41309e-06
0.196     0.535		  6.41309e-06
-0.102     -0.406	  6.41309e-06
-0.145     -0.631	  6.41309e-06
0.149     -0.255	  6.41309e-06
-0.327     0.084	  6.41309e-06
-0.112     -0.589	  6.41309e-06
-0.483     -0.122	  6.41309e-06
0.042     0.131		  6.41309e-06
-0.255     -0.436	  6.41309e-06
-0.269     0.467	  6.41309e-06
-0.423     0.020	  6.41309e-06
0.043     0.053		  6.41309e-06
-0.176     0.321	  6.41309e-06
0.060     -0.357	  6.41309e-06
-0.323     0.616	  6.41309e-06
0.009     -0.442	  6.41309e-06
-0.598     -0.360	  6.41309e-06
-0.467     -0.608	  6.41309e-06
-0.252     -0.396	  6.41309e-06
-0.011     -0.218	  6.41309e-06
-0.381     0.280	  6.41309e-06
-0.068     0.229	  6.41309e-06
-0.187     -0.109	  6.41309e-06
-0.434     0.010	  6.41309e-06
-0.354     0.340	  6.41309e-06
-0.036     0.774	  6.41309e-06
-0.578     0.155	  6.41309e-06
-0.225     -0.711	  6.41309e-06
-0.478     -0.669	  6.41309e-06
-0.242     -0.449	  6.41309e-06
0.123     -0.296	  6.41309e-06
-0.187     -0.440	  6.41309e-06
0.031     0.551		  6.41309e-06
-0.507     0.402	  6.41309e-06
-0.410     -0.394	  6.41309e-06
0.215     0.562		  6.41309e-06
-0.419     -0.618	  6.41309e-06
-0.283     0.489	  6.41309e-06
-0.334     0.482	  6.41309e-06
-0.416     0.543	  6.41309e-06
-0.020     -0.556	  6.41309e-06
-0.113     0.040	  6.41309e-06
-0.294     -0.540	  6.41309e-06
-0.408     -0.312	  6.41309e-06
-0.302     -0.512	  6.41309e-06
-0.528     -0.395	  6.41309e-06
-0.170     -0.001	  6.41309e-06
-0.338     0.162	  6.41309e-06
-0.613     -0.622	  6.41309e-06
-0.281     0.486	  6.41309e-06
-0.120     0.149	  6.41309e-06
-0.264     -0.469	  6.41309e-06
-0.212     -0.585	  6.41309e-06
0.244     0.408		  6.41309e-06
0.316     0.655		  6.41309e-06
-0.287     -0.524	  6.41309e-06
-0.219     -0.609	  6.41309e-06
-0.385     -0.649	  6.41309e-06
-0.081     -0.453	  6.41309e-06
-0.180     -0.048	  6.41309e-06
-0.407     -0.097	  6.41309e-06
0.007     0.100		  6.41309e-06
-0.394     -0.119	  6.41309e-06
-0.552     -0.883	  6.41309e-06
-0.357     -0.442	  6.41309e-06
-0.005     0.431	  6.41309e-06
-0.305     -0.450	  6.41309e-06
-0.484     -0.731	  6.41309e-06
-0.540     0.034	  6.41309e-06
-0.315     -0.168	  6.41309e-06
-0.670     0.181	  6.41309e-06
-0.377     -0.569	  6.41309e-06
-0.187     -0.318	  6.41309e-06
-0.191     -0.269	  6.41309e-06
-0.265     -0.530	  6.41309e-06
-0.585     -0.520	  6.41309e-06
-0.242     0.254	  6.41309e-06
0.221     -0.462	  6.41309e-06
-0.212     -0.002	  6.41309e-06
0.188     0.007		  6.41309e-06
-0.090     -0.290	  6.41309e-06
-0.475     -0.432	  6.41309e-06
-0.353     -0.471	  6.41309e-06
-0.253     -0.490	  6.41309e-06
0.014     -0.005	  6.41309e-06
-0.508     0.138	  6.41309e-06
-0.437     -0.414	  6.41309e-06
0.108     0.412		  6.41309e-06
0.096     0.321		  6.41309e-06
-0.201     -0.695	  6.41309e-06
0.032     -0.507	  6.41309e-06
0.329     0.605		  6.41309e-06
-0.391     -0.199	  6.41309e-06
-0.300     0.162	  6.41309e-06
0.106     -0.043	  6.41309e-06
-0.223     -0.470	  6.41309e-06
-0.024     -0.344	  6.41309e-06
-0.110     0.159	  6.41309e-06
-0.512     0.648	  6.41309e-06
-0.111     -0.559	  6.41309e-06
-0.291     -0.430	  6.41309e-06
0.012     0.663		  6.41309e-06
-0.662     -0.140	  6.41309e-06
-0.313     -0.462	  6.41309e-06
-0.335     -0.267	  6.41309e-06
-0.009     0.403	  6.41309e-06
0.061     -0.539	  6.41309e-06
-0.257     -0.776	  6.41309e-06
-0.549     -0.615	  6.41309e-06
-0.154     -0.600	  6.41309e-06
0.409     0.585		  6.41309e-06
0.148     0.309		  6.41309e-06
0.154     -0.002	  6.41309e-06
0.093     0.296		  6.41309e-06
0.104     -0.165	  6.41309e-06
0.016     0.327		  6.41309e-06
-0.465     0.497	  6.41309e-06
-0.076     0.072	  6.41309e-06
-0.157     -0.508	  6.41309e-06
-0.024     -0.034	  6.41309e-06
-0.235     0.498	  6.41309e-06
-0.098     0.009	  6.41309e-06
0.304     0.827		  6.41309e-06
-0.013     -0.414	  6.41309e-06
0.030     0.140		  6.41309e-06
-0.197     0.535	  6.41309e-06
0.035     -0.207	  6.41309e-06
-0.310     -0.524	  6.41309e-06
0.021     -0.093	  6.41309e-06
-0.200     -0.418	  6.41309e-06
-0.049     -0.106	  6.41309e-06
-0.151     0.077	  6.41309e-06
-0.396     -0.716	  6.41309e-06
-0.085     -0.046	  6.41309e-06
-0.121     -0.204	  6.41309e-06
0.544     0.801		  6.41309e-06
-0.881     0.157	  6.41309e-06
0.294     0.578		  6.41309e-06
-0.193     -0.480	  6.41309e-06
-0.297     -0.419	  6.41309e-06
-0.079     -0.650	  6.41309e-06
-0.033     0.220	  6.41309e-06
0.101     -0.217	  6.41309e-06
0.040     -0.137	  6.41309e-06
0.135     0.484		  6.41309e-06
0.070     -0.246	  6.41309e-06
0.229     0.528		  6.41309e-06
-0.333     0.118	  6.41309e-06
0.020     -0.365	  6.41309e-06
-0.224     -0.498	  6.41309e-06
-0.134     -0.741	  6.41309e-06
-0.015     -0.439	  6.41309e-06
0.505     0.160		  6.41309e-06
-0.261     -0.114	  6.41309e-06
-0.092     -0.029	  6.41309e-06
-0.419     -0.015	  6.41309e-06
-0.322     -0.661	  6.41309e-06
0.133     0.511		  6.41309e-06
-0.129     -0.375	  6.41309e-06
-0.405     0.500	  6.41309e-06
-0.139     -0.605	  6.41309e-06
0.015     -0.360	  6.41309e-06
-0.397     0.582	  6.41309e-06
-0.179     0.568	  6.41309e-06
-0.664     -0.155	  6.41309e-06
-0.255     -0.680	  6.41309e-06
-0.170     -0.548	  6.41309e-06
-0.467     0.398	  6.41309e-06
-0.701     0.365	  6.41309e-06
-0.231     -0.264	  6.41309e-06
-0.565     0.116	  6.41309e-06
-0.106     -0.413	  6.41309e-06
-0.454     0.104	  6.41309e-06
-0.172     -0.430	  6.41309e-06
-0.239     -0.393	  6.41309e-06
-0.126     -0.110	  6.41309e-06
-0.256     0.262	  6.41309e-06
-0.555     0.022	  6.41309e-06
-0.720     0.509	  6.41309e-06
-0.318     0.185	  6.41309e-06
-0.209     -0.407	  6.41309e-06
-0.261     0.583	  6.41309e-06
-0.201     -0.257	  6.41309e-06
0.046     0.184		  6.41309e-06
0.105     0.226		  6.41309e-06
0.342     0.780		  6.41309e-06
-0.023     -0.601	  6.41309e-06
-0.011     -0.195	  6.41309e-06
0.180     0.386		  6.41309e-06
-0.509     0.103	  6.41309e-06
-0.558     -0.695	  6.41309e-06
-0.453     0.119	  6.41309e-06
0.051     0.594		  6.41309e-06
-0.011     0.021	  6.41309e-06
-0.496     0.418	  6.41309e-06
0.235     -0.057	  6.41309e-06
0.265     0.200		  6.41309e-06
0.014     0.099		  6.41309e-06
0.018     0.368		  6.41309e-06
-0.279     -0.690	  6.41309e-06
-0.659     -0.350	  6.41309e-06
-0.448     -0.767	  6.41309e-06
-0.195     -0.338	  6.41309e-06
-0.267     -0.284	  6.41309e-06
-0.348     -0.369	  6.41309e-06
-0.015     -0.483	  6.41309e-06
-0.084     0.013	  6.41309e-06
-0.246     -0.001	  6.41309e-06
-0.323     -0.420	  6.41309e-06
-0.386     -0.459	  6.41309e-06
-0.618     -0.496	  6.41309e-06
-0.425     -0.714	  6.41309e-06
-0.247     -0.340	  6.41309e-06
-0.373     -0.163	  6.41309e-06
-0.099     0.483	  6.41309e-06
-0.358     -0.387	  6.41309e-06
-0.590     0.342	  6.41309e-06
-0.312     0.322	  6.41309e-06
-0.206     0.453	  6.41309e-06
-0.038     0.018	  6.41309e-06
-0.143     -0.001	  6.41309e-06
-0.080     0.165	  6.41309e-06
-0.553     0.121	  6.41309e-06
-0.252     -0.210	  6.41309e-06
-0.103     0.111	  6.41309e-06
-0.043     0.117	  6.41309e-06
-0.288     0.274	  6.41309e-06
-0.121     0.473	  6.41309e-06
0.186     -0.245	  6.41309e-06
-0.351     -0.330	  6.41309e-06
-0.619     -0.174	  6.41309e-06
-0.544     -0.731	  6.41309e-06
-0.290     -0.422	  6.41309e-06
0.042     0.491		  6.41309e-06
0.185     0.193		  6.41309e-06
0.040     0.492		  6.41309e-06
-0.564     -0.605	  6.41309e-06
-0.418     0.386	  6.41309e-06
-0.265     -0.449	  6.41309e-06
-0.417     0.323	  6.41309e-06
-0.494     -0.300	  6.41309e-06
-0.569     0.672	  6.41309e-06
-0.064     0.448	  6.41309e-06
-0.496     0.177	  6.41309e-06
-0.106     0.334	  6.41309e-06
-0.364     -0.288	  6.41309e-06
-0.153     -0.441	  6.41309e-06
-0.403     -0.057	  6.41309e-06
-0.283     0.021	  6.41309e-06
-0.123     -0.057	  6.41309e-06
-0.443     0.163	  6.41309e-06
-0.175     -0.471	  6.41309e-06
-0.100     -0.670	  6.41309e-06
-0.139     -0.025	  6.41309e-06
-0.368     -0.759	  6.41309e-06
-0.559     0.431	  6.41309e-06
-0.635     -0.586	  6.41309e-06
-0.178     0.561	  6.41309e-06
-0.151     -0.720	  6.41309e-06
-0.569     0.171	  6.41309e-06
-0.083     -0.223	  6.41309e-06
-0.034     -0.629	  6.41309e-06
-0.493     0.350	  6.41309e-06
-0.107     -0.391	  6.41309e-06
-0.295     -0.288	  6.41309e-06
-0.424     -0.260	  6.41309e-06
-0.311     -0.264	  6.41309e-06
-0.343     0.056	  6.41309e-06
-0.543     0.069	  6.41309e-06
-0.238     -0.161	  6.41309e-06
-0.365     0.420	  6.41309e-06
-0.595     0.138	  6.41309e-06
-0.449     -0.780	  6.41309e-06
-0.360     0.069	  6.41309e-06
-0.432     -0.001	  6.41309e-06
-0.275     -0.190	  6.41309e-06
-0.273     -0.394	  6.41309e-06
-0.049     0.044	  6.41309e-06
-0.221     -0.409	  6.41309e-06
-0.153     -0.030	  6.41309e-06
0.231     0.304		  6.41309e-06
-0.552     -0.737	  6.41309e-06
0.055     -0.546	  6.41309e-06
-0.571     0.077	  6.41309e-06
-0.377     -0.499	  6.41309e-06
-0.423     -0.584	  6.41309e-06
-0.514     0.136	  6.41309e-06
-0.661     -0.731	  6.41309e-06
-0.398     -0.551	  6.41309e-06
-0.521     -0.706	  6.41309e-06
-0.542     -0.143	  6.41309e-06
-0.219     0.590	  6.41309e-06
0.077     -0.211	  6.41309e-06
-0.298     0.298	  6.41309e-06
-0.109     -0.180	  6.41309e-06
-0.661     0.124	  6.41309e-06
-0.163     -0.184	  6.41309e-06
-0.462     -0.128	  6.41309e-06
-0.315     0.030	  6.41309e-06
-0.034     -0.503	  6.41309e-06
-0.621     0.091	  6.41309e-06
-0.287     -0.249	  6.41309e-06
0.051     -0.346	  6.41309e-06
-0.155     -0.404	  6.41309e-06
0.024     0.346		  6.41309e-06
-0.172     -0.528	  6.41309e-06
-0.307     -0.322	  6.41309e-06
-0.586     -0.356	  6.41309e-06
0.102     -0.300	  6.41309e-06
-0.294     -0.123	  6.41309e-06
-0.220     0.729	  6.41309e-06
-0.032     0.089	  6.41309e-06
0.151     -0.312	  6.41309e-06
-0.040     0.242	  6.41309e-06
0.066     -0.115	  6.41309e-06
-0.110     -0.576	  6.41309e-06
-0.695     -0.039	  6.41309e-06
-0.409     -0.518	  6.41309e-06
-0.390     0.180	  6.41309e-06
0.427     0.264		  6.41309e-06
-0.436     -0.181	  6.41309e-06
-0.415     -0.467	  6.41309e-06
0.099     0.001		  6.41309e-06
-0.569     -0.311	  6.41309e-06
-0.379     0.052	  6.41309e-06
-0.083     -0.642	  6.41309e-06
-0.189     0.370	  6.41309e-06
-0.408     -0.306	  6.41309e-06
-0.030     -0.281	  6.41309e-06
0.017     -0.713	  6.41309e-06
-0.322     -0.202	  6.41309e-06
0.119     -0.244	  6.41309e-06
-0.338     -0.571	  6.41309e-06
-0.093     0.051	  6.41309e-06
-0.291     -0.166	  6.41309e-06
-0.290     -0.342	  6.41309e-06
0.084     0.291		  6.41309e-06
-0.201     0.386	  6.41309e-06
-0.010     0.515	  6.41309e-06
-0.146     -0.173	  6.41309e-06
-0.597     0.444	  6.41309e-06
-0.145     0.069	  6.41309e-06
-0.394     -0.634	  6.41309e-06
-0.265     0.599	  6.41309e-06
-0.405     -0.189	  6.41309e-06
0.193     -0.003	  6.41309e-06
0.418     0.290		  6.41309e-06
-0.059     0.576	  6.41309e-06
-0.316     0.012	  6.41309e-06
-0.101     -0.044	  6.41309e-06
-0.326     0.152	  6.41309e-06
-0.232     -0.334	  6.41309e-06
-0.186     -0.098	  6.41309e-06
0.120     0.282		  6.41309e-06
-0.108     0.147	  6.41309e-06
-0.146     0.341	  6.41309e-06
-0.080     -0.050	  6.41309e-06
-0.069     0.111	  6.41309e-06
0.068     0.562		  6.41309e-06
-0.595     0.423	  6.41309e-06
0.163     -0.173	  6.41309e-06
0.062     -0.396	  6.41309e-06
-0.232     -0.097	  6.41309e-06
0.156     -0.106	  6.41309e-06
-0.073     0.096	  6.41309e-06
-0.157     0.401	  6.41309e-06
-0.578     -0.687	  6.41309e-06
0.060     0.459		  6.41309e-06
0.032     0.714		  6.41309e-06
-0.521     0.002	  6.41309e-06
0.316     0.676		  6.41309e-06
-0.269     -0.350	  6.41309e-06
0.333     0.087		  6.41309e-06
-0.145     -0.223	  6.41309e-06
0.088     0.029		  6.41309e-06
0.095     -0.252	  6.41309e-06
-0.467     -0.414	  6.41309e-06
-0.688     0.040	  6.41309e-06
-0.206     -0.378	  6.41309e-06
0.036     -0.128	  6.41309e-06
0.006     0.054		  6.41309e-06
0.232     0.206		  6.41309e-06
-0.319     -0.152	  6.41309e-06
-0.251     0.350	  6.41309e-06
-0.426     -0.289	  6.41309e-06
-0.051     -0.468	  6.41309e-06
0.001     0.399		  6.41309e-06
0.046     0.165		  6.41309e-06
-0.509     -0.630	  6.41309e-06
-0.675     -0.709	  6.41309e-06
-0.257     -0.617	  6.41309e-06
-0.061     -0.330	  6.41309e-06
-0.557     -0.339	  6.41309e-06
-0.043     -0.561	  6.41309e-06
0.368     0.196		  6.41309e-06
-0.455     -0.008	  6.41309e-06
0.001     0.203		  6.41309e-06
-0.430     -0.602	  6.41309e-06
-0.568     0.427	  6.41309e-06
0.422     0.254		  6.41309e-06
-0.192     -0.448	  6.41309e-06
-0.553     -0.336	  6.41309e-06
-0.076     -0.385	  6.41309e-06
-0.056     -0.183	  6.41309e-06
-0.689     0.614	  6.41309e-06
0.107     0.361		  6.41309e-06
-0.708     0.587	  6.41309e-06
0.087     -0.119	  6.41309e-06
-0.529     -0.613	  6.41309e-06
-0.474     -0.055	  6.41309e-06
0.140     0.215		  6.41309e-06
-0.374     -0.180	  6.41309e-06
-0.408     -0.731	  6.41309e-06
-0.173     0.323	  6.41309e-06
-0.341     -0.478	  6.41309e-06
-0.005     -0.448	  6.41309e-06
-0.305     0.381	  6.41309e-06
-0.202     -0.072	  6.41309e-06
-0.166     -0.277	  6.41309e-06
0.354     0.705		  6.41309e-06
-0.243     -0.374	  6.41309e-06
0.243     0.047		  6.41309e-06
0.181     0.557		  6.41309e-06
-0.255     -0.328	  6.41309e-06
0.181     0.250		  6.41309e-06
-0.383     -0.096	  6.41309e-06
-0.524     -0.416	  6.41309e-06
-0.064     -0.701	  6.41309e-06
-0.009     -0.604	  6.41309e-06
-0.588     -0.580	  6.41309e-06
-0.345     0.609	  6.41309e-06
0.188     0.653		  6.41309e-06
0.256     0.124		  6.41309e-06
0.135     -0.319	  6.41309e-06
-0.700     0.303	  6.41309e-06
0.207     0.051		  6.41309e-06
-0.507     -0.433	  6.41309e-06
-0.386     -0.469	  6.41309e-06
-0.012     0.185	  6.41309e-06
-0.342     -0.248	  6.41309e-06
0.340     0.265		  6.41309e-06
0.031     -0.377	  6.41309e-06
-0.276     0.368	  6.41309e-06
-0.200     0.526	  6.41309e-06
0.432     -0.002	  6.41309e-06
-0.181     -0.024	  6.41309e-06
-0.406     -0.642	  6.41309e-06
-0.317     0.591	  6.41309e-06
-0.196     0.210	  6.41309e-06
-0.491     0.415	  6.41309e-06
-0.347     0.352	  6.41309e-06
-0.164     -0.293	  6.41309e-06
-0.319     0.064	  6.41309e-06
-0.646     0.333	  6.41309e-06
0.232     0.615		  6.41309e-06
-0.137     -0.501	  6.41309e-06
-0.692     -0.226	  6.41309e-06
0.167     0.527		  6.41309e-06
0.452     0.739		  6.41309e-06
-0.157     -0.572	  6.41309e-06
-0.293     -0.618	  6.41309e-06
-0.442     -0.085	  6.41309e-06
-0.103     -0.657	  6.41309e-06
-0.333     -0.603	  6.41309e-06
-0.413     -0.411	  6.41309e-06
-0.622     -0.375	  6.41309e-06
-0.545     -0.667	  6.41309e-06
-0.126     -0.301	  6.41309e-06
-0.090     0.112	  6.41309e-06
0.045     0.208		  6.41309e-06
-0.263     0.180	  6.41309e-06
-0.241     0.368	  6.41309e-06
0.251     -0.026	  6.41309e-06
0.131     -0.165	  6.41309e-06
-0.082     -0.069	  6.41309e-06
-0.760     -0.823	  6.41309e-06
-0.367     0.111	  6.41309e-06
0.080     0.439		  6.41309e-06
-0.099     -0.676	  6.41309e-06
0.115     0.333		  6.41309e-06
-0.095     -0.322	  6.41309e-06
0.118     0.279		  6.41309e-06
-0.028     -0.125	  6.41309e-06
0.608     0.129		  6.41309e-06
-0.244     0.364	  6.41309e-06
-0.496     -0.279	  6.41309e-06
-0.328     -0.300	  6.41309e-06
-0.279     -0.541	  6.41309e-06
0.142     -0.185	  6.41309e-06
-0.309     -0.524	  6.41309e-06
-0.081     0.159	  6.41309e-06
-0.182     -0.263	  6.41309e-06
-0.153     -0.557	  6.41309e-06
-0.167     -0.158	  6.41309e-06
-0.373     0.287	  6.41309e-06
0.005     0.269		  6.41309e-06
-0.132     -0.490	  6.41309e-06
0.125     -0.011	  6.41309e-06
-0.114     0.007	  6.41309e-06
-0.538     -0.613	  6.41309e-06
-0.667     0.426	  6.41309e-06
-0.504     -0.809	  6.41309e-06
0.128     -0.318	  6.41309e-06
0.140     0.436		  6.41309e-06
0.000     -0.586	  6.41309e-06
-0.431     -0.083	  6.41309e-06
-0.531     -0.465	  6.41309e-06
-0.308     -0.032	  6.41309e-06
-0.025     -0.564	  6.41309e-06
-0.276     -0.098	  6.41309e-06
-0.064     -0.181	  6.41309e-06
-0.178     -0.515	  6.41309e-06
-0.085     -0.113	  6.41309e-06
-0.445     -0.564	  6.41309e-06
-0.426     -0.317	  6.41309e-06
-0.087     -0.128	  6.41309e-06
-0.244     -0.382	  6.41309e-06
-0.153     -0.226	  6.41309e-06
0.483     0.814		  6.41309e-06
0.104     -0.175	  6.41309e-06
-0.459     -0.787	  6.41309e-06
-0.734     -0.076	  6.41309e-06
-0.519     -0.416	  6.41309e-06
-0.200     -0.521	  6.41309e-06
-0.354     0.255	  6.41309e-06
0.056     -0.589	  6.41309e-06
0.191     0.198		  6.41309e-06
-0.151     -0.348	  6.41309e-06
-0.030     -0.720	  6.41309e-06
-0.397     -0.708	  6.41309e-06
0.178     -0.113	  6.41309e-06
-0.065     -0.045	  6.41309e-06
-0.172     -0.491	  6.41309e-06
0.016     0.250		  6.41309e-06
-0.419     -0.286	  6.41309e-06
-0.078     0.028	  6.41309e-06
-0.100     -0.591	  6.41309e-06
0.288     0.469		  6.41309e-06
-0.386     -0.016	  6.41309e-06
-0.295     -0.308	  6.41309e-06
-0.542     -0.595	  6.41309e-06
-0.174     -0.484	  6.41309e-06
-0.208     0.128	  6.41309e-06
0.056     -0.005	  6.41309e-06
-0.286     -0.532	  6.41309e-06
0.016     -0.312	  6.41309e-06
-0.187     0.090	  6.41309e-06
-0.083     0.239	  6.41309e-06
-0.606     -0.337	  6.41309e-06
-0.168     -0.203	  6.41309e-06
-0.495     -0.359	  6.41309e-06
-0.046     -0.139	  6.41309e-06
-0.132     -0.080	  6.41309e-06
-0.457     -0.029	  6.41309e-06
-0.455     -0.563	  6.41309e-06
-0.118     -0.513	  6.41309e-06
0.056     0.065		  6.41309e-06
-0.676     0.171	  6.41309e-06
-0.219     0.091	  6.41309e-06
-0.440     -0.707	  6.41309e-06
-0.098     -0.100	  6.41309e-06
-0.218     -0.395	  6.41309e-06
-0.021     0.049	  6.41309e-06
-0.438     -0.419	  6.41309e-06
-0.315     -0.190	  6.41309e-06
0.595     0.806		  6.41309e-06
-0.223     0.256	  6.41309e-06
-0.440     -0.822	  6.41309e-06
-0.298     -0.624	  6.41309e-06
-0.312     0.546	  6.41309e-06
-0.183     -0.495	  6.41309e-06
-0.082     -0.042	  6.41309e-06
0.088     -0.375	  6.41309e-06
-0.463     -0.668	  6.41309e-06
0.233     0.546		  6.41309e-06
-0.233     -0.068	  6.41309e-06
-0.249     -0.588	  6.41309e-06
-0.457     -0.528	  6.41309e-06
-0.094     -0.326	  6.41309e-06
0.278     0.257		  6.41309e-06
-0.196     -0.178	  6.41309e-06
-0.458     0.250	  6.41309e-06
-0.409     -0.748	  6.41309e-06
-0.252     -0.679	  6.41309e-06
-0.158     -0.343	  6.41309e-06
-0.084     0.436	  6.41309e-06
-0.405     0.047	  6.41309e-06
-0.441     0.049	  6.41309e-06
-0.320     0.084	  6.41309e-06
0.153     0.465		  6.41309e-06
-0.228     -0.646	  6.41309e-06
0.323     0.113		  6.41309e-06
-0.509     -0.703	  6.41309e-06
-0.522     -0.484	  6.41309e-06
0.329     0.233		  6.41309e-06
-0.210     -0.551	  6.41309e-06
-0.479     -0.520	  6.41309e-06
-0.237     0.003	  6.41309e-06
-0.122     0.096	  6.41309e-06
-0.515     -0.492	  6.41309e-06
-0.217     -0.046	  6.41309e-06
-0.273     -0.640	  6.41309e-06
0.303     0.618		  6.41309e-06
0.611     0.525		  6.41309e-06
0.042     -0.377	  6.41309e-06
0.183     0.439		  6.41309e-06
-0.206     -0.460	  6.41309e-06
0.006     0.023		  6.41309e-06
0.313     0.314		  6.41309e-06
-0.272     -0.488	  6.41309e-06
-0.277     -0.040	  6.41309e-06
-0.336     -0.126	  6.41309e-06
-0.198     0.149	  6.41309e-06
-0.460     -0.171	  6.41309e-06
-0.122     -0.238	  6.41309e-06
-0.351     -0.537	  6.41309e-06
-0.128     0.220	  6.41309e-06
-0.117     -0.354	  6.41309e-06
-0.269     -0.544	  6.41309e-06
-0.245     -0.598	  6.41309e-06
-0.535     -0.574	  6.41309e-06
-0.495     -0.520	  6.41309e-06
-0.190     -0.162	  6.41309e-06
-0.266     -0.129	  6.41309e-06
-0.463     -0.016	  6.41309e-06
0.793     0.633		  6.41309e-06
-0.349     0.063	  6.41309e-06
-0.571     -0.738	  6.41309e-06
-0.029     -0.220	  6.41309e-06
-0.321     0.329	  6.41309e-06
0.265     0.166		  6.41309e-06
-0.184     -0.641	  6.41309e-06
0.288     -0.080	  6.41309e-06
0.175     -0.301	  6.41309e-06
-0.366     -0.384	  6.41309e-06
0.019     -0.562	  6.41309e-06
0.009     0.580		  6.41309e-06
-0.277     -0.643	  6.41309e-06
-0.302     -0.520	  6.41309e-06
-0.095     -0.520	  6.41309e-06
-0.020     -0.646	  6.41309e-06
0.103     0.158		  6.41309e-06
-0.060     -0.204	  6.41309e-06
0.244     0.743		  6.41309e-06
-0.369     -0.141	  6.41309e-06
0.044     0.745		  6.41309e-06
0.265     0.337		  6.41309e-06
-0.634     -0.584	  6.41309e-06
-0.135     -0.407	  6.41309e-06
-0.058     -0.162	  6.41309e-06
-0.222     -0.280	  6.41309e-06
-0.269     -0.591	  6.41309e-06
0.191     0.417		  6.41309e-06
-0.107     0.363	  6.41309e-06
-0.080     0.322	  6.41309e-06
-0.291     -0.716	  6.41309e-06
-0.229     -0.496	  6.41309e-06
-0.261     -0.292	  6.41309e-06
-0.204     -0.732	  6.41309e-06
-0.209     -0.481	  6.41309e-06
-0.495     0.049	  6.41309e-06
-0.409     0.550	  6.41309e-06
-0.257     -0.639	  6.41309e-06
-0.818     0.470	  6.41309e-06
-0.196     0.391	  6.41309e-06
-0.145     -0.422	  6.41309e-06
-0.018     -0.155	  6.41309e-06
-0.135     -0.145	  6.41309e-06
-0.002     -0.408	  6.41309e-06
-0.190     -0.188	  6.41309e-06
-0.229     0.304	  6.41309e-06
0.057     0.032		  6.41309e-06
-0.624     -0.301	  6.41309e-06
-0.304     0.379	  6.41309e-06
-0.545     0.091	  6.41309e-06
-0.237     -0.050	  6.41309e-06
0.363     0.307		  6.41309e-06
-0.401     0.181	  6.41309e-06
-0.052     0.276	  6.41309e-06
-0.679     0.035	  6.41309e-06
-0.206     -0.477	  6.41309e-06
-0.471     0.311	  6.41309e-06
0.377     0.674		  6.41309e-06
-0.451     -0.137	  6.41309e-06
-0.243     0.264	  6.41309e-06
-0.389     -0.595	  6.41309e-06
-0.333     -0.472	  6.41309e-06
0.085     -0.468	  6.41309e-06
0.308     0.371		  6.41309e-06
-0.697     -0.604	  6.41309e-06
-0.119     0.410	  6.41309e-06
0.355     0.884		  6.41309e-06
-0.488     -0.417	  6.41309e-06
-0.566     -0.087	  6.41309e-06
-0.690     0.113	  6.41309e-06
-0.385     -0.163	  6.41309e-06
0.001     -0.190	  6.41309e-06
-0.136     -0.678	  6.41309e-06
0.216     -0.053	  6.41309e-06
-0.342     -0.469	  6.41309e-06
-0.031     -0.489	  6.41309e-06
-0.375     -0.424	  6.41309e-06
0.193     0.252		  6.41309e-06
-0.272     -0.554	  6.41309e-06
-0.446     -0.641	  6.41309e-06
-0.224     -0.458	  6.41309e-06
-0.439     0.291	  6.41309e-06
-0.170     -0.551	  6.41309e-06
-0.332     -0.125	  6.41309e-06
-0.203     -0.034	  6.41309e-06
-0.111     -0.270	  6.41309e-06
-0.707     -0.718	  6.41309e-06
0.014     -0.615	  6.41309e-06
-0.233     0.188	  6.41309e-06
-0.472     -0.139	  6.41309e-06
-0.426     -0.484	  6.41309e-06
-0.251     0.444	  6.41309e-06
-0.088     0.335	  6.41309e-06
-0.341     0.037	  6.41309e-06
0.220     0.342		  6.41309e-06
-0.823     0.292	  6.41309e-06
0.081     -0.093	  6.41309e-06
0.014     0.287		  6.41309e-06
-0.225     -0.019	  6.41309e-06
-0.741     -0.446	  6.41309e-06
0.028     0.498		  6.41309e-06
-0.387     -0.545	  6.41309e-06
-0.120     0.316	  6.41309e-06
0.006     -0.225	  6.41309e-06
-0.166     -0.683	  6.41309e-06
-0.553     -0.259	  6.41309e-06
-0.362     -0.610	  6.41309e-06
-0.348     0.029	  6.41309e-06
-0.081     0.273	  6.41309e-06
-0.604     -0.593	  6.41309e-06
-0.351     -0.022	  6.41309e-06
-0.301     -0.669	  6.41309e-06
-0.193     -0.108	  6.41309e-06
-0.293     -0.210	  6.41309e-06
-0.607     -0.245	  6.41309e-06
-0.267     -0.668	  6.41309e-06
-0.320     -0.335	  6.41309e-06
-0.345     0.796	  6.41309e-06
0.033     -0.185	  6.41309e-06
-0.680     0.437	  6.41309e-06
-0.068     -0.698	  6.41309e-06
-0.311     0.462	  6.41309e-06
-0.360     -0.533	  6.41309e-06
-0.370     -0.003	  6.41309e-06
-0.135     -0.701	  6.41309e-06
-0.211     -0.667	  6.41309e-06
-0.020     -0.110	  6.41309e-06
-0.099     0.686	  6.41309e-06
0.257     0.503		  6.41309e-06
0.231     0.689		  6.41309e-06
0.051     -0.357	  6.41309e-06
-0.542     0.356	  6.41309e-06
-0.116     -0.082	  6.41309e-06
-0.321     0.205	  6.41309e-06
0.136     0.526		  6.41309e-06
-0.019     -0.495	  6.41309e-06
-0.151     0.020	  6.41309e-06
-0.264     0.290	  6.41309e-06
-0.441     -0.660	  6.41309e-06
-0.593     -0.450	  6.41309e-06
0.129     0.355		  6.41309e-06
-0.000     0.457	  6.41309e-06
0.139     0.476		  6.41309e-06
-0.147     -0.184	  6.41309e-06
-0.337     -0.513	  6.41309e-06
-0.264     -0.397	  6.41309e-06
-0.119     -0.442	  6.41309e-06
0.383     0.031		  6.41309e-06
-0.029     -0.432	  6.41309e-06
-0.331     -0.690	  6.41309e-06
-0.006     -0.456	  6.41309e-06
0.003     -0.362	  6.41309e-06
-0.088     0.250	  6.41309e-06
-0.002     0.324	  6.41309e-06
-0.262     -0.598	  6.41309e-06
0.334     0.727		  6.41309e-06
-0.763     -0.146	  6.41309e-06
-0.144     -0.470	  6.41309e-06
-0.037     -0.326	  6.41309e-06
-0.331     0.237	  6.41309e-06
-0.092     -0.494	  6.41309e-06
-0.398     -0.252	  6.41309e-06
-0.359     -0.586	  6.41309e-06
0.070     0.318		  6.41309e-06
0.230     0.535		  6.41309e-06
0.198     -0.022	  6.41309e-06
-0.211     0.072	  6.41309e-06
-0.226     0.252	  6.41309e-06
-0.406     -0.158	  6.41309e-06
-0.158     -0.643	  6.41309e-06
0.019     0.179		  6.41309e-06
-0.478     -0.131	  6.41309e-06
-0.065     -0.030	  6.41309e-06
-0.030     -0.207	  6.41309e-06
-0.399     -0.586	  6.41309e-06
-0.255     -0.120	  6.41309e-06
-0.577     -0.498	  6.41309e-06
-0.152     -0.499	  6.41309e-06
-0.376     0.227	  6.41309e-06
-0.393     -0.487	  6.41309e-06
-0.373     0.236	  6.41309e-06
-0.380     -0.001	  6.41309e-06
-0.435     -0.293	  6.41309e-06
-0.649     0.378	  6.41309e-06
-0.657     -0.698	  6.41309e-06
-0.393     -0.375	  6.41309e-06
0.077     -0.291	  6.41309e-06
-0.372     0.126	  6.41309e-06
-0.462     -0.302	  6.41309e-06
-0.080     -0.280	  6.41309e-06
-0.094     -0.280	  6.41309e-06
-0.710     -0.639	  6.41309e-06
0.047     0.190		  6.41309e-06
-0.267     -0.384	  6.41309e-06
-0.476     0.225	  6.41309e-06
-0.427     -0.528	  6.41309e-06
-0.197     0.160	  6.41309e-06
-0.378     -0.040	  6.41309e-06
-0.220     -0.738	  6.41309e-06
0.084     -0.060	  6.41309e-06
-0.387     0.391	  6.41309e-06
-0.512     -0.001	  6.41309e-06
-0.695     0.379	  6.41309e-06
0.190     0.179		  6.41309e-06
-99.000     -99.000	  6.41309e-06
-0.174     -0.485	  6.41309e-06
0.100     -0.365	  6.41309e-06
-0.050     0.082	  6.41309e-06
-0.607     -0.039	  6.41309e-06
-0.106     -0.354	  6.41309e-06
-0.481     0.253	  6.41309e-06
-0.394     0.308	  6.41309e-06
-0.181     -0.265	  6.41309e-06
-0.198     -0.009	  6.41309e-06
0.090     0.396		  6.41309e-06
0.025     -0.718	  6.41309e-06
0.360     0.585		  6.41309e-06
-0.224     -0.373	  6.41309e-06
-0.309     -0.466	  6.41309e-06
-0.217     -0.400	  6.41309e-06
-0.236     0.287	  6.41309e-06
-0.099     -0.152	  6.41309e-06
-0.560     -0.249	  6.41309e-06
-0.251     -0.490	  6.41309e-06
-0.426     0.129	  6.41309e-06
-0.309     -0.364	  6.41309e-06
-0.609     -0.065	  6.41309e-06
-0.007     -0.506	  6.41309e-06
0.458     0.229		  6.41309e-06
-0.071     0.259	  6.41309e-06
-0.358     -0.034	  6.41309e-06
-0.062     -0.234	  6.41309e-06
0.020     0.305		  6.41309e-06
0.170     0.426		  6.41309e-06
-0.094     -0.294	  6.41309e-06
-0.012     0.357	  6.41309e-06
-0.526     0.314	  6.41309e-06
-0.051     0.152	  6.41309e-06
-0.184     -0.497	  6.41309e-06
-0.299     -0.070	  6.41309e-06
-0.506     -0.232	  6.41309e-06
-0.186     -0.531	  6.41309e-06
0.064     -0.334	  6.41309e-06
0.071     0.503		  6.41309e-06
-0.180     -0.629	  6.41309e-06
-0.586     -0.037	  6.41309e-06
-0.180     -0.422	  6.41309e-06
-0.433     -0.030	  6.41309e-06
0.060     -0.123	  6.41309e-06
-0.297     -0.505	  6.41309e-06
-0.119     0.722	  6.41309e-06
-0.790     -0.896	  6.41309e-06
0.210     0.240		  6.41309e-06
-0.604     0.336	  6.41309e-06
-0.135     -0.596	  6.41309e-06
-0.152     -0.128	  6.41309e-06
-0.043     0.585	  6.41309e-06
-0.453     -0.797	  6.41309e-06
0.224     -0.207	  6.41309e-06
-0.402     0.328	  6.41309e-06
0.124     -0.207	  6.41309e-06
-0.387     -0.408	  6.41309e-06
0.207     0.422		  6.41309e-06
-0.186     0.181	  6.41309e-06
-0.415     0.450	  6.41309e-06
-0.115     -0.482	  6.41309e-06
-0.226     -0.468	  6.41309e-06
-0.618     0.194	  6.41309e-06
-0.078     -0.119	  6.41309e-06
-0.400     -0.632	  6.41309e-06
-0.129     -0.380	  6.41309e-06
-0.568     -0.654	  6.41309e-06
-0.259     -0.467	  6.41309e-06
-0.168     0.166	  6.41309e-06
-0.479     0.443	  6.41309e-06
-0.267     -0.355	  6.41309e-06
-0.093     -0.592	  6.41309e-06
-0.414     0.255	  6.41309e-06
-0.431     -0.070	  6.41309e-06
-99.000     -99.000	  6.41309e-06
-0.027     -0.019	  6.41309e-06
-0.256     -0.635	  6.41309e-06
-0.278     -0.600	  6.41309e-06
-0.465     -0.827	  6.41309e-06
0.178     0.143		  6.41309e-06
0.292     -0.207	  6.41309e-06
0.156     -0.282	  6.41309e-06
0.017     -0.042	  6.41309e-06
0.059     -0.078	  6.41309e-06
0.056     -0.301	  6.41309e-06
0.068     0.077		  6.41309e-06
0.411     0.282		  6.41309e-06
0.398     0.341		  6.41309e-06
-0.256     -0.556	  6.41309e-06
-0.236     -0.295	  6.41309e-06
0.179     -0.067	  6.41309e-06
-0.082     -0.546	  6.41309e-06
-0.063     -0.259	  6.41309e-06
-0.341     -0.393	  6.41309e-06
0.331     -0.140	  6.41309e-06
0.138     -0.099	  6.41309e-06
-0.037     -0.167	  6.41309e-06
0.282     0.081		  6.41309e-06
0.128     -0.062	  6.41309e-06
-0.138     -0.415	  6.41309e-06
0.366     0.361		  6.41309e-06
-0.079     0.250	  6.41309e-06
0.218     0.037		  6.41309e-06
0.332     0.002		  6.41309e-06
-0.417     -0.302	  6.41309e-06
0.515     0.488		  6.41309e-06
0.264     -0.124	  6.41309e-06
-0.559     -0.141	  6.41309e-06
0.048     -0.602	  6.41309e-06
0.409     0.125		  6.41309e-06
0.294     0.055		  6.41309e-06
0.028     0.033		  6.41309e-06
0.076     -0.496	  6.41309e-06
-0.320     -0.287	  6.41309e-06
0.086     0.427		  6.41309e-06
0.416     0.789		  6.41309e-06
-0.028     -0.399	  6.41309e-06
0.224     -0.077	  6.41309e-06
0.110     -0.400	  6.41309e-06
0.157     -0.166	  6.41309e-06
-0.065     -0.066	  6.41309e-06
0.063     -0.294	  6.41309e-06
0.293     0.504		  6.41309e-06
-0.602     -0.004	  6.41309e-06
0.013     -0.193	  6.41309e-06
-0.179     0.624	  6.41309e-06
0.147     -0.014	  6.41309e-06
-0.317     -0.523	  6.41309e-06
0.113     -0.219	  6.41309e-06
0.200     -0.084	  6.41309e-06
-0.523     -0.450	  6.41309e-06
-0.201     0.085	  6.41309e-06
-0.818     -0.539	  6.41309e-06
0.029     0.655		  6.41309e-06
-0.065     -0.309	  6.41309e-06
-0.257     -0.313	  6.41309e-06
0.069     -0.233	  6.41309e-06
0.081     -0.103	  6.41309e-06
-0.638     -0.382	  6.41309e-06
0.502     0.593		  6.41309e-06
-0.197     0.339	  6.41309e-06
0.033     -0.322	  6.41309e-06
0.034     0.158		  6.41309e-06
0.028     0.104		  6.41309e-06
0.175     0.133		  6.41309e-06
-0.025     -0.589	  6.41309e-06
-0.035     0.015	  6.41309e-06
-0.525     -0.256	  6.41309e-06
0.022     0.255		  6.41309e-06
0.039     0.589		  6.41309e-06
-0.292     -0.744	  6.41309e-06
-0.173     0.608	  6.41309e-06
-0.169     -0.720	  6.41309e-06
-0.179     -0.423	  6.41309e-06
0.080     -0.168	  6.41309e-06
-0.221     -0.664	  6.41309e-06
0.153     -0.301	  6.41309e-06
-0.014     -0.240	  6.41309e-06
-0.287     0.118	  6.41309e-06
-0.207     -0.353	  6.41309e-06
-0.415     -0.099	  6.41309e-06
-0.045     -0.044	  6.41309e-06
0.014     -0.561	  6.41309e-06
-0.254     -0.279	  6.41309e-06
0.003     -0.318	  6.41309e-06
-0.024     -0.420	  6.41309e-06
0.178     -0.216	  6.41309e-06
0.425     0.100		  6.41309e-06
-0.595     -0.277	  6.41309e-06
-0.031     0.029	  6.41309e-06
0.255     0.567		  6.41309e-06
-0.280     0.553	  6.41309e-06
0.354     -0.060	  6.41309e-06
-0.025     -0.224	  6.41309e-06
0.385     0.223		  6.41309e-06
-0.271     -0.477	  6.41309e-06
-0.516     -0.626	  6.41309e-06
0.314     0.347		  6.41309e-06
-0.110     0.653	  6.41309e-06
0.047     -0.291	  6.41309e-06
0.449     0.817		  6.41309e-06
0.011     -0.170	  6.41309e-06
0.135     -0.288	  6.41309e-06
0.439     0.538		  6.41309e-06
0.182     -0.150	  6.41309e-06
0.240     -0.051	  6.41309e-06
0.448     0.150		  6.41309e-06
0.177     -0.078	  6.41309e-06
-0.413     -0.371	  6.41309e-06
0.106     0.017		  6.41309e-06
-0.347     0.268	  6.41309e-06
-0.456     -0.674	  6.41309e-06
0.298     -0.177	  6.41309e-06
0.361     -0.095	  6.41309e-06
0.208     0.347		  6.41309e-06
0.269     0.354		  6.41309e-06
-0.097     0.155	  6.41309e-06
0.086     0.003		  6.41309e-06
-0.527     -0.465	  6.41309e-06
0.070     0.412		  6.41309e-06
-0.498     -0.651	  6.41309e-06
-0.276     -0.667	  6.41309e-06
0.224     -0.088	  6.41309e-06
-0.072     -0.474	  6.41309e-06
-0.140     -0.319	  6.41309e-06
0.382     0.257		  6.41309e-06
0.052     -0.583	  6.41309e-06
0.035     0.116		  6.41309e-06
-0.360     -0.314	  6.41309e-06
0.367     -0.020	  6.41309e-06
-0.404     -0.146	  6.41309e-06
-0.214     -0.641	  6.41309e-06
0.488     0.060		  6.41309e-06
-0.287     -0.425	  6.41309e-06
-0.036     -0.601	  6.41309e-06
-0.200     -0.496	  6.41309e-06
0.405     0.238		  6.41309e-06
-0.106     -0.269	  6.41309e-06
0.259     0.096		  6.41309e-06
0.284     0.119		  6.41309e-06
0.104     0.386		  6.41309e-06
-0.086     -0.492	  6.41309e-06
0.222     -0.097	  6.41309e-06
0.515     0.560		  6.41309e-06
-0.233     -0.233	  6.41309e-06
0.324     0.231		  6.41309e-06
0.530     0.249		  6.41309e-06
-0.058     0.125	  6.41309e-06
-99.000     -99.000	  6.41309e-06
-0.426     -0.393	  6.41309e-06
0.013     -0.303	  6.41309e-06
0.375     0.167		  6.41309e-06
0.181     -0.213	  6.41309e-06
-0.522     -0.578	  6.41309e-06
0.297     0.255		  6.41309e-06
0.061     -0.382	  6.41309e-06
-0.102     -0.315	  6.41309e-06
0.112     -0.407	  6.41309e-06
0.711     0.285		  6.41309e-06
-0.173     -0.444	  6.41309e-06
0.264     -0.335	  6.41309e-06
0.263     -0.161	  6.41309e-06
0.337     0.256		  6.41309e-06
0.235     0.032		  6.41309e-06
0.125     -0.353	  6.41309e-06
-0.564     -0.628	  6.41309e-06
-0.099     -0.514	  6.41309e-06
0.020     -0.164	  6.41309e-06
0.104     -0.108	  6.41309e-06
0.387     -0.208	  6.41309e-06
0.423     0.590		  6.41309e-06
-0.731     0.340	  6.41309e-06
0.153     0.174		  6.41309e-06
-0.472     -0.767	  6.41309e-06
-0.643     -0.270	  6.41309e-06
0.173     -0.214	  6.41309e-06
-0.380     0.426	  6.41309e-06
-0.149     -0.357	  6.41309e-06
0.138     0.046		  6.41309e-06
0.016     -0.087	  6.41309e-06
0.100     -0.320	  6.41309e-06
-0.535     -0.240	  6.41309e-06
-0.213     -0.550	  6.41309e-06
-0.244     -0.482	  6.41309e-06
0.049     -0.126	  6.41309e-06
0.134     0.011		  6.41309e-06
-0.024     -0.151	  6.41309e-06
0.145     -0.021	  6.41309e-06
-0.385     0.325	  6.41309e-06
-0.195     0.054	  6.41309e-06
0.023     -0.444	  6.41309e-06
-0.006     -0.322	  6.41309e-06
0.136     -0.453	  6.41309e-06
0.307     -0.294	  6.41309e-06
-0.054     -0.610	  6.41309e-06
0.471     0.316		  6.41309e-06
-0.165     0.541	  6.41309e-06
0.358     0.199		  6.41309e-06
0.566     0.309		  6.41309e-06
-0.129     0.337	  6.41309e-06
-0.067     -0.741	  6.41309e-06
0.062     -0.241	  6.41309e-06
-0.317     -0.101	  6.41309e-06
-0.005     -0.552	  6.41309e-06
0.154     0.306		  6.41309e-06
-0.324     0.576	  6.41309e-06
-0.117     -0.575	  6.41309e-06
-0.499     -0.232	  6.41309e-06
0.119     0.361		  6.41309e-06
-0.085     -0.254	  6.41309e-06
0.029     0.317		  6.41309e-06
-0.330     -0.154	  6.41309e-06
0.057     0.013		  6.41309e-06
-0.411     0.516	  6.41309e-06
0.280     0.063		  6.41309e-06
-0.053     -0.515	  6.41309e-06
0.076     -0.335	  6.41309e-06
0.588     0.238		  6.41309e-06
-0.159     -0.721	  6.41309e-06
0.231     0.093		  6.41309e-06
0.315     0.119		  6.41309e-06
-0.221     -0.526	  6.41309e-06
0.324     -0.058	  6.41309e-06
-0.170     -0.492	  6.41309e-06
0.024     -0.528	  6.41309e-06
0.155     -0.377	  6.41309e-06
0.436     0.394		  6.41309e-06
-0.452     -0.461	  6.41309e-06
0.233     0.090		  6.41309e-06
-0.278     -0.252	  6.41309e-06
0.457     0.438		  6.41309e-06
-0.338     0.222	  6.41309e-06
0.273     0.139		  6.41309e-06
-0.141     -0.159	  6.41309e-06
0.076     -0.457	  6.41309e-06
0.122     -0.064	  6.41309e-06
-0.228     0.230	  6.41309e-06
0.037     -0.626	  6.41309e-06
0.244     -0.032	  6.41309e-06
-0.156     0.463	  6.41309e-06
-0.004     -0.364	  6.41309e-06
0.217     0.234		  6.41309e-06
0.018     -0.224	  6.41309e-06
0.272     0.599		  6.41309e-06
0.349     0.515		  6.41309e-06
0.310     0.239		  6.41309e-06
-0.441     -0.294	  6.41309e-06
-0.060     -0.515	  6.41309e-06
0.195     -0.093	  6.41309e-06
0.276     -0.125	  6.41309e-06
0.314     0.113		  6.41309e-06
0.051     -0.320	  6.41309e-06
0.050     -0.166	  6.41309e-06
-0.123     -0.348	  6.41309e-06
0.375     0.425		  6.41309e-06
0.241     -0.324	  6.41309e-06
-0.454     -0.203	  6.41309e-06
0.043     -0.614	  6.41309e-06
0.003     -0.572	  6.41309e-06
-0.011     0.087	  6.41309e-06
0.023     -0.211	  6.41309e-06
0.160     -0.242	  6.41309e-06
-0.269     -0.269	  6.41309e-06
0.390     0.318		  6.41309e-06
0.073     -0.054	  6.41309e-06
0.201     0.121		  6.41309e-06
0.088     -0.300	  6.41309e-06
-0.265     -0.654	  6.41309e-06
-0.189     -0.525	  6.41309e-06
-0.101     -0.468	  6.41309e-06
0.108     -0.264	  6.41309e-06
0.425     0.637		  6.41309e-06
0.033     -0.065	  6.41309e-06
-0.175     -0.345	  6.41309e-06
0.273     -0.001	  6.41309e-06
0.616     0.558		  6.41309e-06
0.189     -0.427	  6.41309e-06
0.247     -0.324	  6.41309e-06
-0.231     -0.692	  6.41309e-06
-0.125     -0.389	  6.41309e-06
0.115     0.085		  6.41309e-06
-0.648     0.235	  6.41309e-06
-0.141     -0.166	  6.41309e-06
0.098     -0.302	  6.41309e-06
0.132     -0.090	  6.41309e-06
0.148     -0.135	  6.41309e-06
0.282     -0.133	  6.41309e-06
0.216     0.025		  6.41309e-06
0.040     -0.293	  6.41309e-06
0.218     0.518		  6.41309e-06
-0.608     -0.565	  6.41309e-06
-0.061     -0.437	  6.41309e-06
0.198     0.117		  6.41309e-06
-0.202     0.048	  6.41309e-06
-0.267     0.609	  6.41309e-06
0.541     0.552		  6.41309e-06
-0.116     -0.223	  6.41309e-06
-0.122     0.069	  6.41309e-06
-0.369     0.168	  6.41309e-06
0.154     0.313		  6.41309e-06
0.215     0.109		  6.41309e-06
-0.050     -0.523	  6.41309e-06
0.095     -0.288	  6.41309e-06
-0.118     0.307	  6.41309e-06
-0.176     0.322	  6.41309e-06
-0.276     0.039	  6.41309e-06
-0.129     -0.260	  6.41309e-06
-0.273     -0.650	  6.41309e-06
-0.269     -0.506	  6.41309e-06
0.084     -0.451	  6.41309e-06
-0.001     -0.558	  6.41309e-06
-0.083     -0.590	  6.41309e-06
0.596     0.486		  6.41309e-06
-0.177     -0.184	  6.41309e-06
0.720     0.735		  6.41309e-06
-0.234     0.594	  6.41309e-06
-0.225     0.262	  6.41309e-06
0.041     -0.149	  6.41309e-06
0.214     -0.127	  6.41309e-06
-0.661     -0.262	  6.41309e-06
-0.379     -0.121	  6.41309e-06
-0.240     0.015	  6.41309e-06
0.555     0.448		  6.41309e-06
-0.086     -0.379	  6.41309e-06
-99.000     -99.000	  6.41309e-06
-0.005     -0.609	  6.41309e-06
-0.613     -0.456	  6.41309e-06
-0.285     -0.159	  6.41309e-06
0.019     -0.222	  6.41309e-06
0.001     -0.513	  6.41309e-06
-0.640     -0.600	  6.41309e-06
-0.208     -0.382	  6.41309e-06
-0.025     0.217	  6.41309e-06
-0.319     -0.121	  6.41309e-06
-0.205     -0.669	  6.41309e-06
0.488     0.205		  6.41309e-06
0.086     -0.123	  6.41309e-06
-0.408     -0.257	  6.41309e-06
-0.314     -0.792	  6.41309e-06
0.180     0.520		  6.41309e-06
0.134     -0.158	  6.41309e-06
-0.326     -0.362	  6.41309e-06
0.105     0.043		  6.41309e-06
-0.060     -0.136	  6.41309e-06
-0.045     0.107	  6.41309e-06
-0.041     0.637	  6.41309e-06
0.109     -0.255	  6.41309e-06
0.102     -0.254	  6.41309e-06
-0.602     -0.014	  6.41309e-06
-0.177     -0.630	  6.41309e-06
0.373     0.185		  6.41309e-06
-0.055     0.076	  6.41309e-06
0.336     0.376		  6.41309e-06
0.302     0.058		  6.41309e-06
-0.698     -0.550	  6.41309e-06
-0.089     0.095	  6.41309e-06
-0.239     -0.204	  6.41309e-06
-0.311     -0.256	  6.41309e-06
0.480     0.445		  6.41309e-06
0.413     0.453		  6.41309e-06
-0.130     -0.505	  6.41309e-06
0.203     0.121		  6.41309e-06
-0.220     -0.458	  6.41309e-06
0.022     0.505		  6.41309e-06
-0.064     -0.408	  6.41309e-06
0.224     0.007		  6.41309e-06
-0.022     -0.320	  6.41309e-06
0.012     -0.355	  6.41309e-06
0.229     -0.292	  6.41309e-06
-0.078     -0.040	  6.41309e-06
0.047     -0.075	  6.41309e-06
-0.074     -0.489	  6.41309e-06
-0.205     -0.504	  6.41309e-06
-0.286     0.107	  6.41309e-06
-0.455     -0.111	  6.41309e-06
0.673     0.532		  6.41309e-06
0.220     0.538		  6.41309e-06
0.439     0.557		  6.41309e-06
-0.156     0.009	  6.41309e-06
0.457     0.776		  6.41309e-06
0.112     -0.179	  6.41309e-06
0.062     -0.305	  6.41309e-06
-0.811     0.261	  6.41309e-06
0.089     -0.110	  6.41309e-06
-0.891     -0.556	  6.41309e-06
0.108     -0.166	  6.41309e-06
0.367     0.645		  6.41309e-06
0.397     0.075		  6.41309e-06
0.316     0.282		  6.41309e-06
0.253     0.519		  6.41309e-06
0.119     -0.026	  6.41309e-06
0.064     -0.110	  6.41309e-06
-0.022     -0.261	  6.41309e-06
0.384     0.614		  6.41309e-06
0.407     -0.091	  6.41309e-06
-0.461     -0.370	  6.41309e-06
-0.356     0.243	  6.41309e-06
0.035     -0.192	  6.41309e-06
-0.459     0.225	  6.41309e-06
-0.586     -0.357	  6.41309e-06
0.349     -0.121	  6.41309e-06
-0.155     -0.511	  6.41309e-06
0.065     0.688		  6.41309e-06
0.201     -0.081	  6.41309e-06
0.229     0.150		  6.41309e-06
-0.046     -0.501	  6.41309e-06
-99.000     -99.000	  6.41309e-06
-0.348     -0.686	  6.41309e-06
-0.713     -0.192	  6.41309e-06
-0.369     0.506	  6.41309e-06
-0.204     -0.126	  6.41309e-06
-0.041     -0.455	  6.41309e-06
0.077     -0.387	  6.41309e-06
-0.219     -0.527	  6.41309e-06
0.137     0.377		  6.41309e-06
0.094     -0.293	  6.41309e-06
0.023     -0.196	  6.41309e-06
-0.725     0.506	  6.41309e-06
-0.097     -0.355	  6.41309e-06
0.183     0.108		  6.41309e-06
0.135     -0.321	  6.41309e-06
-0.353     -0.359	  6.41309e-06
0.133     0.041		  6.41309e-06
0.178     0.164		  6.41309e-06
-0.392     -0.068	  6.41309e-06
-0.001     -0.597	  6.41309e-06
0.104     0.344		  6.41309e-06
0.530     0.386		  6.41309e-06
-0.149     -0.230	  6.41309e-06
-0.018     0.489	  6.41309e-06
-0.386     -0.320	  6.41309e-06
-0.260     -0.264	  6.41309e-06
-0.647     -0.085	  6.41309e-06
-0.079     -0.028	  6.41309e-06
-0.103     -0.272	  6.41309e-06
0.326     -0.153	  6.41309e-06
-0.589     0.056	  6.41309e-06
-0.597     -0.586	  6.41309e-06
-0.198     0.006	  6.41309e-06
0.042     -0.491	  6.41309e-06
0.220     0.094		  6.41309e-06
0.209     -0.068	  6.41309e-06
-0.609     -0.347	  6.41309e-06
0.155     -0.162	  6.41309e-06
-0.212     0.330	  6.41309e-06
-0.136     0.571	  6.41309e-06
0.055     -0.299	  6.41309e-06
0.153     -0.459	  6.41309e-06
-0.138     0.052	  6.41309e-06
-0.001     -0.563	  6.41309e-06
-0.198     0.429	  6.41309e-06
-0.215     -0.598	  6.41309e-06
-0.240     -0.102	  6.41309e-06
0.176     0.592		  6.41309e-06
0.207     -0.280	  6.41309e-06
-0.192     0.156	  6.41309e-06
-0.218     -0.531	  6.41309e-06
-0.058     0.271	  6.41309e-06
0.030     0.745		  6.41309e-06
0.099     -0.174	  6.41309e-06
-0.219     -0.674	  6.41309e-06
0.211     0.205		  6.41309e-06
-0.102     -0.157	  6.41309e-06
-0.229     -0.345	  6.41309e-06
-0.420     0.249	  6.41309e-06
0.239     0.157		  6.41309e-06
0.186     0.157		  6.41309e-06
-0.286     0.547	  6.41309e-06
-0.121     -0.436	  6.41309e-06
0.632     0.780		  6.41309e-06
0.016     -0.467	  6.41309e-06
0.037     0.543		  6.41309e-06
-0.278     -0.298	  6.41309e-06
-0.090     -0.007	  6.41309e-06
-0.197     0.072	  6.41309e-06
-0.359     -0.451	  6.41309e-06
-0.011     -0.501	  6.41309e-06
-0.331     -0.102	  6.41309e-06
-0.048     0.215	  6.41309e-06
0.557     0.484		  6.41309e-06
-0.572     0.406	  6.41309e-06
-0.221     -0.533	  6.41309e-06
-0.349     0.647	  6.41309e-06
0.128     -0.351	  6.41309e-06
0.102     0.053		  6.41309e-06
0.116     0.197		  6.41309e-06
0.513     0.577		  6.41309e-06
0.666     0.394		  6.41309e-06
0.035     -0.139	  6.41309e-06
0.057     -0.006	  6.41309e-06
-0.134     -0.483	  6.41309e-06
-0.157     -0.096	  6.41309e-06
0.062     -0.272	  6.41309e-06
0.090     -0.079	  6.41309e-06
-0.324     0.090	  6.41309e-06
0.038     -0.070	  6.41309e-06
0.028     0.334		  6.41309e-06
-0.033     -0.591	  6.41309e-06
0.557     0.318		  6.41309e-06
-0.453     -0.479	  6.41309e-06
0.215     0.026		  6.41309e-06
-0.029     -0.389	  6.41309e-06
0.205     -0.458	  6.41309e-06
0.198     -0.409	  6.41309e-06
-0.326     0.586	  6.41309e-06
0.133     -0.518	  6.41309e-06
0.054     -0.451	  6.41309e-06
0.482     0.152		  6.41309e-06
-0.091     -0.331	  6.41309e-06
-0.519     0.469	  6.41309e-06
-0.079     -0.570	  6.41309e-06
-0.060     -0.074	  6.41309e-06
0.309     -0.043	  6.41309e-06
-0.585     0.172	  6.41309e-06
-0.279     -0.038	  6.41309e-06
0.019     -0.088	  6.41309e-06
0.292     -0.015	  6.41309e-06
-0.223     0.005	  6.41309e-06
-0.491     0.249	  6.41309e-06
0.191     0.186		  6.41309e-06
0.032     -0.184	  6.41309e-06
0.270     -0.027	  6.41309e-06
-0.031     -0.298	  6.41309e-06
0.012     -0.418	  6.41309e-06
-0.121     -0.175	  6.41309e-06
0.060     -0.367	  6.41309e-06
0.113     -0.301	  6.41309e-06
-0.159     -0.787	  6.41309e-06
0.419     0.571		  6.41309e-06
0.207     0.489		  6.41309e-06
0.542     0.540		  6.41309e-06
-0.336     0.026	  6.41309e-06
0.193     0.043		  6.41309e-06
-0.047     -0.508	  6.41309e-06
0.104     -0.022	  6.41309e-06
-0.373     -0.674	  6.41309e-06
0.130     -0.400	  6.41309e-06
-0.219     0.195	  6.41309e-06
0.177     0.109		  6.41309e-06
-0.246     0.523	  6.41309e-06
-0.028     -0.164	  6.41309e-06
0.441     0.385		  6.41309e-06
-0.302     -0.164	  6.41309e-06
0.206     -0.284	  6.41309e-06
-0.296     -0.540	  6.41309e-06
-0.561     0.161	  6.41309e-06
0.127     0.089		  6.41309e-06
0.024     0.351		  6.41309e-06
-0.156     -0.450	  6.41309e-06
-0.528     0.446	  6.41309e-06
0.288     -0.037	  6.41309e-06
0.387     -0.123	  6.41309e-06
0.220     -0.297	  6.41309e-06
-0.484     -0.372	  6.41309e-06
-0.599     0.194	  6.41309e-06
-0.405     0.560	  6.41309e-06
-0.046     -0.233	  6.41309e-06
0.027     -0.428	  6.41309e-06
0.073     0.387		  6.41309e-06
-0.046     -0.443	  6.41309e-06
-0.030     -0.092	  6.41309e-06
0.089     -0.580	  6.41309e-06
0.318     0.081		  6.41309e-06
-0.133     0.037	  6.41309e-06
-99.000     -99.000	  6.41309e-06
0.142     0.687		  6.41309e-06
0.266     0.540		  6.41309e-06
-0.094     0.197	  6.41309e-06
0.111     -0.215	  6.41309e-06
0.168     -0.483	  6.41309e-06
-0.539     -0.491	  6.41309e-06
0.277     -0.122	  6.41309e-06
-0.271     -0.576	  6.41309e-06
-0.044     -0.303	  6.41309e-06
-0.188     -0.299	  6.41309e-06
-0.435     -0.091	  6.41309e-06
-0.861     -0.185	  6.41309e-06
0.016     -0.031	  6.41309e-06
0.352     0.114		  6.41309e-06
0.346     0.325		  6.41309e-06
0.059     -0.346	  6.41309e-06
-0.086     -0.288	  6.41309e-06
-0.200     -0.567	  6.41309e-06
0.058     -0.346	  6.41309e-06
-0.077     -0.603	  6.41309e-06
-0.596     -0.667	  6.41309e-06
0.177     -0.164	  6.41309e-06
0.184     0.668		  6.41309e-06
-0.064     -0.253	  6.41309e-06
0.313     0.189		  6.41309e-06
-0.399     0.702	  6.41309e-06
-0.228     -0.369	  6.41309e-06
-0.288     -0.416	  6.41309e-06
-0.038     -0.593	  6.41309e-06
-0.490     -0.716	  6.41309e-06
0.336     0.083		  6.41309e-06
-0.042     -0.495	  6.41309e-06
-0.291     -0.188	  6.41309e-06
0.047     -0.047	  6.41309e-06
-0.114     -0.374	  6.41309e-06
-0.451     0.038	  6.41309e-06
0.175     -0.172	  6.41309e-06
-0.134     -0.087	  6.41309e-06
-0.075     -0.107	  6.41309e-06
0.209     0.258		  6.41309e-06
0.043     -0.383	  6.41309e-06
0.122     -0.396	  6.41309e-06
-0.255     0.294	  6.41309e-06
-0.116     -0.596	  6.41309e-06
-0.074     -0.152	  6.41309e-06
0.260     0.155		  6.41309e-06
0.011     -0.135	  6.41309e-06
-0.111     0.273	  6.41309e-06
0.251     0.003		  6.41309e-06
0.176     -0.462	  6.41309e-06
0.161     -0.070	  6.41309e-06
-0.015     0.026	  6.41309e-06
-0.176     -0.632	  6.41309e-06
-0.732     -0.795	  6.41309e-06
-0.196     -0.645	  6.41309e-06
0.032     -0.306	  6.41309e-06
-0.497     -0.005	  6.41309e-06
-0.117     -0.615	  6.41309e-06
-0.124     -0.504	  6.41309e-06
0.290     0.445		  6.41309e-06
-0.441     0.350	  6.41309e-06
0.258     0.061		  6.41309e-06
-0.576     -0.164	  6.41309e-06
0.161     0.157		  6.41309e-06
0.056     -0.187	  6.41309e-06
0.334     -0.204	  6.41309e-06
0.150     0.065		  6.41309e-06
0.134     -0.415	  6.41309e-06
0.126     -0.082	  6.41309e-06
0.267     0.079		  6.41309e-06
-0.015     0.121	  6.41309e-06
0.171     -0.369	  6.41309e-06
0.073     -0.173	  6.41309e-06
-0.167     -0.070	  6.41309e-06
-0.737     0.045	  6.41309e-06
-0.208     -0.423	  6.41309e-06
0.098     -0.056	  6.41309e-06
-0.034     -0.555	  6.41309e-06
0.201     -0.106	  6.41309e-06
-0.118     -0.402	  6.41309e-06
-0.102     -0.642	  6.41309e-06
-0.099     -0.647	  6.41309e-06
-0.480     -0.506	  6.41309e-06
0.079     0.323		  6.41309e-06
-0.514     -0.386	  6.41309e-06
-0.496     -0.403	  6.41309e-06
-0.312     0.023	  6.41309e-06
-0.476     0.088	  6.41309e-06
0.254     -0.312	  6.41309e-06
-0.154     -0.461	  6.41309e-06
0.155     0.042		  6.41309e-06
0.799     0.791		  6.41309e-06
-0.007     -0.120	  6.41309e-06
0.015     -0.279	  6.41309e-06
-0.215     -0.833	  6.41309e-06
-0.552     -0.060	  6.41309e-06
-0.176     -0.644	  6.41309e-06
-0.019     -0.181	  6.41309e-06
0.058     -0.415	  6.41309e-06
0.341     0.474		  6.41309e-06
-0.243     -0.460	  6.41309e-06
-0.436     0.372	  6.41309e-06
0.432     0.303		  6.41309e-06
-0.274     -0.317	  6.41309e-06
-0.192     -0.624	  6.41309e-06
0.214     0.082		  6.41309e-06
-0.537     -0.369	  6.41309e-06
0.040     -0.445	  6.41309e-06
-0.205     -0.248	  6.41309e-06
0.097     -0.077	  6.41309e-06
-0.392     -0.094	  6.41309e-06
0.013     -0.253	  6.41309e-06
-0.366     0.015	  6.41309e-06
0.020     0.007		  6.41309e-06
-0.020     -0.423	  6.41309e-06
-0.173     -0.113	  6.41309e-06
-0.152     -0.491	  6.41309e-06
0.403     0.489		  6.41309e-06
-0.019     -0.254	  6.41309e-06
0.583     0.383		  6.41309e-06
-0.422     0.652	  6.41309e-06
0.149     -0.154	  6.41309e-06
0.241     0.024		  6.41309e-06
0.084     -0.217	  6.41309e-06
0.004     -0.388	  6.41309e-06
-0.223     -0.629	  6.41309e-06
0.006     -0.059	  6.41309e-06
0.298     0.108		  6.41309e-06
0.602     0.331		  6.41309e-06
0.209     0.146		  6.41309e-06
-0.245     -0.284	  6.41309e-06
-0.396     -0.465	  6.41309e-06
0.178     0.058		  6.41309e-06
-0.317     -0.184	  6.41309e-06
-0.197     0.524	  6.41309e-06
-0.202     0.011	  6.41309e-06
-0.152     0.581	  6.41309e-06
-0.023     -0.255	  6.41309e-06
-0.029     -0.615	  6.41309e-06
-0.439     0.306	  6.41309e-06
0.204     -0.257	  6.41309e-06
0.228     -0.007	  6.41309e-06
-0.333     0.019	  6.41309e-06
0.266     -0.079	  6.41309e-06
-0.313     0.271	  6.41309e-06
0.166     0.067		  6.41309e-06
-0.144     -0.515	  6.41309e-06
-0.142     -0.433	  6.41309e-06
-0.161     -0.340	  6.41309e-06
0.284     0.094		  6.41309e-06
-0.012     -0.245	  6.41309e-06
-0.036     -0.088	  6.41309e-06
0.233     0.336		  6.41309e-06
0.196     -0.086	  6.41309e-06
-0.156     -0.543	  6.41309e-06
-0.024     -0.059	  6.41309e-06
-0.040     -0.557	  6.41309e-06
0.050     0.265		  6.41309e-06
0.021     0.652		  6.41309e-06
0.182     0.019		  6.41309e-06
-0.258     -0.192	  6.41309e-06
0.216     -0.357	  6.41309e-06
-0.240     -0.636	  6.41309e-06
0.051     -0.279	  6.41309e-06
-0.051     0.277	  6.41309e-06
0.141     0.683		  6.41309e-06
-0.067     -0.398	  6.41309e-06
0.253     0.565		  6.41309e-06
-0.687     0.392	  6.41309e-06
0.062     0.312		  6.41309e-06
0.225     0.208		  6.41309e-06
0.283     -0.009	  6.41309e-06
0.148     0.217		  6.41309e-06
0.104     0.594		  6.41309e-06
0.254     -0.190	  6.41309e-06
-0.066     -0.614	  6.41309e-06
-0.328     -0.186	  6.41309e-06
0.023     -0.243	  6.41309e-06
0.023     0.193		  6.41309e-06
0.210     -0.240	  6.41309e-06
0.213     0.010		  6.41309e-06
-0.083     -0.031	  6.41309e-06
0.056     -0.364	  6.41309e-06
-0.164     0.665	  6.41309e-06
-99.000     -99.000	  6.41309e-06
-0.166     -0.504	  6.41309e-06
0.231     -0.196	  6.41309e-06
0.210     -0.128	  6.41309e-06
-0.763     -0.792	  6.41309e-06
0.223     0.138		  6.41309e-06
0.450     0.556		  6.41309e-06
-0.424     -0.352	  6.41309e-06
0.473     0.283		  6.41309e-06
0.089     -0.148	  6.41309e-06
0.388     0.285		  6.41309e-06
-0.650     0.345	  6.41309e-06
0.121     -0.143	  6.41309e-06
0.018     -0.311	  6.41309e-06
-0.036     -0.097	  6.41309e-06
0.099     0.113		  6.41309e-06
0.115     0.055		  6.41309e-06
-0.257     -0.087	  6.41309e-06
-0.149     -0.396	  6.41309e-06
-0.074     -0.495	  6.41309e-06
-0.444     -0.292	  6.41309e-06
0.002     0.203		  6.41309e-06
-0.139     -0.596	  6.41309e-06
0.190     -0.036	  6.41309e-06
-0.041     -0.359	  6.41309e-06
-0.001     -0.354	  6.41309e-06
-0.646     -0.119	  6.41309e-06
-0.021     -0.307	  6.41309e-06
0.066     -0.291	  6.41309e-06
-0.223     -0.365	  6.41309e-06
0.483     0.125		  6.41309e-06
-0.183     -0.219	  6.41309e-06
-0.030     -0.315	  6.41309e-06
0.323     0.159		  6.41309e-06
0.287     -0.241	  6.41309e-06
-0.122     -0.568	  6.41309e-06
-0.185     -0.032	  6.41309e-06
-0.117     0.716	  6.41309e-06
-0.034     -0.623	  6.41309e-06
0.160     0.032		  6.41309e-06
-0.249     -0.687	  6.41309e-06
0.556     0.481		  6.41309e-06
0.149     0.129		  6.41309e-06
-0.116     -0.372	  6.41309e-06
-0.157     -0.177	  6.41309e-06
-0.133     0.140	  6.41309e-06
-0.259     0.381	  6.41309e-06
-0.378     -0.096	  6.41309e-06
-0.085     -0.236	  6.41309e-06
0.041     -0.056	  6.41309e-06
-0.248     0.306	  6.41309e-06
0.141     0.118		  6.41309e-06
0.101     0.612		  6.41309e-06
-0.197     0.605	  6.41309e-06
-0.258     0.110	  6.41309e-06
-0.198     -0.564	  6.41309e-06
0.263     -0.288	  6.41309e-06
0.184     0.133		  6.41309e-06
-0.183     -0.567	  6.41309e-06
-0.208     -0.249	  6.41309e-06
0.147     -0.084	  6.41309e-06
-0.252     0.271	  6.41309e-06
-0.093     -0.500	  6.41309e-06
0.594     0.533		  6.41309e-06
0.152     -0.169	  6.41309e-06
-0.257     0.144	  6.41309e-06
-0.043     0.106	  6.41309e-06
0.072     -0.132	  6.41309e-06
-0.465     -0.727	  6.41309e-06
0.014     -0.317	  6.41309e-06
0.020     -0.399	  6.41309e-06
0.199     0.271		  6.41309e-06
0.022     0.619		  6.41309e-06
-0.059     -0.194	  6.41309e-06
0.718     0.495		  6.41309e-06
-0.134     -0.427	  6.41309e-06
-0.310     -0.457	  6.41309e-06
-0.219     -0.315	  6.41309e-06
-0.104     -0.199	  6.41309e-06
-0.128     0.434	  6.41309e-06
0.563     0.621		  6.41309e-06
-0.395     0.473	  6.41309e-06
-0.119     -0.366	  6.41309e-06
0.499     0.043		  6.41309e-06
0.215     -0.204	  6.41309e-06
-0.350     -0.508	  6.41309e-06
-0.306     -0.791	  6.41309e-06
0.420     0.662		  6.41309e-06
-0.048     -0.238	  6.41309e-06
-0.436     -0.444	  6.41309e-06
-0.117     -0.016	  6.41309e-06
-0.136     -0.157	  6.41309e-06
0.157     0.001		  6.41309e-06
0.073     -0.255	  6.41309e-06
0.083     0.299		  6.41309e-06
-0.321     -0.215	  6.41309e-06
-0.332     -0.033	  6.41309e-06
0.119     -0.063	  6.41309e-06
-0.066     -0.542	  6.41309e-06
-0.445     0.059	  6.41309e-06
0.035     -0.358	  6.41309e-06
0.401     0.347		  6.41309e-06
0.376     0.250		  6.41309e-06
0.025     -0.328	  6.41309e-06
0.392     0.543		  6.41309e-06
0.257     -0.300	  6.41309e-06
0.083     -0.358	  6.41309e-06
0.123     -0.186	  6.41309e-06
0.204     -0.529	  6.41309e-06
-0.151     -0.107	  6.41309e-06
-0.042     -0.180	  6.41309e-06
0.054     0.102		  6.41309e-06
0.383     0.355		  6.41309e-06
0.129     0.227		  6.41309e-06
0.552     0.383		  6.41309e-06
-0.024     -0.095	  6.41309e-06
0.052     -0.376	  6.41309e-06
-0.058     -0.602	  6.41309e-06
0.546     0.423		  6.41309e-06
0.161     0.272		  6.41309e-06
0.110     -0.026	  6.41309e-06
-0.011     0.738	  6.41309e-06
-0.503     -0.714	  6.41309e-06
0.176     0.357		  6.41309e-06
0.135     -0.196	  6.41309e-06
-0.682     0.382	  6.41309e-06
-0.420     -0.573	  6.41309e-06
-0.165     -0.575	  6.41309e-06
0.157     -0.378	  6.41309e-06
-0.070     -0.427	  6.41309e-06
0.155     0.368		  6.41309e-06
-0.088     0.204	  6.41309e-06
-0.359     -0.501	  6.41309e-06
0.146     -0.232	  6.41309e-06
-0.039     -0.300	  6.41309e-06
-0.003     -0.084	  6.41309e-06
0.217     0.243		  6.41309e-06
0.382     0.483		  6.41309e-06
0.115     -0.298	  6.41309e-06
-0.375     -0.045	  6.41309e-06
-0.056     -0.155	  6.41309e-06
0.049     -0.441	  6.41309e-06
-0.016     -0.268	  6.41309e-06
0.244     0.100		  6.41309e-06
-0.412     0.255	  6.41309e-06
-0.287     -0.532	  6.41309e-06
0.369     0.365		  6.41309e-06
-0.127     -0.491	  6.41309e-06
-0.271     -0.106	  6.41309e-06
-0.045     -0.438	  6.41309e-06
-0.132     -0.041	  6.41309e-06
0.130     -0.409	  6.41309e-06
0.421     -0.068	  6.41309e-06
-0.388     -0.457	  6.41309e-06
0.318     0.435		  6.41309e-06
-0.428     -0.227	  6.41309e-06
0.544     0.433		  6.41309e-06
0.151     0.092		  6.41309e-06
-0.141     -0.237	  6.41309e-06
0.263     0.310		  6.41309e-06
0.167     -0.503	  6.41309e-06
0.064     -0.417	  6.41309e-06
-0.112     0.375	  6.41309e-06
0.014     0.020		  6.41309e-06
0.367     -0.140	  6.41309e-06
-0.694     0.104	  6.41309e-06
-0.024     0.287	  6.41309e-06
0.257     0.042		  6.41309e-06
0.469     0.488		  6.41309e-06
0.146     -0.515	  6.41309e-06
0.183     -0.165	  6.41309e-06
-0.073     -0.101	  6.41309e-06
0.285     0.159		  6.41309e-06
-0.108     -0.133	  6.41309e-06
0.575     0.407		  6.41309e-06
-0.326     -0.160	  6.41309e-06
-0.167     -0.335	  6.41309e-06
0.167     -0.226	  6.41309e-06
0.220     -0.348	  6.41309e-06
-0.273     -0.209	  6.41309e-06
0.002     0.036		  6.41309e-06
-0.282     -0.674	  6.41309e-06
0.258     -0.030	  6.41309e-06
-0.044     -0.263	  6.41309e-06
0.266     0.046		  6.41309e-06
-0.153     0.025	  6.41309e-06
-0.086     -0.329	  6.41309e-06
-0.072     -0.328	  6.41309e-06
-99.000     -99.000	  6.41309e-06
0.088     0.128		  6.41309e-06
0.465     0.203		  6.41309e-06
0.462     0.289		  6.41309e-06
0.067     0.067		  6.41309e-06
0.236     -0.203	  6.41309e-06
0.151     0.110		  6.41309e-06
-0.288     -0.750	  6.41309e-06
0.495     0.259		  6.41309e-06
-0.120     -0.187	  6.41309e-06
-0.126     -0.375	  6.41309e-06
0.033     -0.094	  6.41309e-06
-0.401     0.511	  6.41309e-06
0.107     -0.183	  6.41309e-06
-0.279     -0.271	  6.41309e-06
-0.008     -0.510	  6.41309e-06
0.344     0.599		  6.41309e-06
0.275     0.336		  6.41309e-06
-0.196     -0.621	  6.41309e-06
0.204     0.585		  6.41309e-06
0.196     -0.094	  6.41309e-06
0.019     -0.387	  6.41309e-06
-0.695     -0.420	  6.41309e-06
-0.064     0.237	  6.41309e-06
0.173     -0.327	  6.41309e-06
