0.109     0.436       3.53874e-06
0.148     -0.228      3.53874e-06
0.109     -0.025      3.53874e-06
0.369     0.043	      3.53874e-06
0.193     0.334	      3.53874e-06
-0.440     -0.371     3.53874e-06
0.346     0.016	      3.53874e-06
0.140     0.116	      3.53874e-06
-0.046     -0.072     3.53874e-06
-0.063     -0.478     3.53874e-06
0.082     0.322	      3.53874e-06
-0.178     -0.459     3.53874e-06
-0.338     -0.203     3.53874e-06
0.189     0.376	      3.53874e-06
-0.023     0.237      3.53874e-06
0.260     0.161	      3.53874e-06
-0.207     -0.507     3.53874e-06
-0.359     -0.247     3.53874e-06
-0.316     -0.422     3.53874e-06
-0.249     0.239      3.53874e-06
-0.280     -0.467     3.53874e-06
0.108     0.173	      3.53874e-06
-0.137     -0.506     3.53874e-06
0.142     -0.138      3.53874e-06
-0.254     -0.632     3.53874e-06
-0.509     -0.532     3.53874e-06
-0.225     -0.419     3.53874e-06
-0.527     -0.271     3.53874e-06
-0.609     -0.245     3.53874e-06
-0.553     -0.443     3.53874e-06
-0.118     -0.363     3.53874e-06
0.273     -0.093      3.53874e-06
0.012     -0.402      3.53874e-06
-0.115     -0.098     3.53874e-06
-0.505     -0.522     3.53874e-06
0.243     0.491	      3.53874e-06
0.420     0.725	      3.53874e-06
0.088     0.099	      3.53874e-06
-0.258     -0.416     3.53874e-06
-0.116     -0.515     3.53874e-06
0.015     -0.409      3.53874e-06
0.159     0.442	      3.53874e-06
-0.074     -0.377     3.53874e-06
-0.239     0.257      3.53874e-06
0.583     0.467	      3.53874e-06
0.246     0.068	      3.53874e-06
-0.195     -0.403     3.53874e-06
0.203     0.293	      3.53874e-06
-0.246     -0.679     3.53874e-06
-0.812     -0.294     3.53874e-06
0.225     0.275	      3.53874e-06
0.131     -0.128      3.53874e-06
-0.406     -0.645     3.53874e-06
0.078     -0.108      3.53874e-06
-0.339     -0.720     3.53874e-06
-0.358     -0.551     3.53874e-06
0.062     0.089	      3.53874e-06
-0.571     -0.645     3.53874e-06
-0.320     -0.688     3.53874e-06
0.203     -0.169      3.53874e-06
-0.208     0.109      3.53874e-06
0.288     0.286	      3.53874e-06
0.208     0.314	      3.53874e-06
-0.124     -0.517     3.53874e-06
-0.210     -0.199     3.53874e-06
-0.334     -0.101     3.53874e-06
-0.469     -0.290     3.53874e-06
-0.199     -0.630     3.53874e-06
0.027     0.151	      3.53874e-06
-0.386     0.001      3.53874e-06
-0.280     0.056      3.53874e-06
0.092     -0.079      3.53874e-06
-0.168     -0.016     3.53874e-06
0.140     -0.628      3.53874e-06
-0.176     -0.501     3.53874e-06
-0.176     -0.127     3.53874e-06
0.026     -0.459      3.53874e-06
-0.290     -0.246     3.53874e-06
-0.141     -0.658     3.53874e-06
-0.295     -0.307     3.53874e-06
0.222     0.102	      3.53874e-06
-0.395     0.032      3.53874e-06
-0.329     -0.673     3.53874e-06
-0.523     -0.479     3.53874e-06
-0.193     -0.445     3.53874e-06
-0.226     -0.101     3.53874e-06
0.189     -0.048      3.53874e-06
0.043     0.238	      3.53874e-06
0.244     0.275	      3.53874e-06
-0.258     0.153      3.53874e-06
-0.531     0.046      3.53874e-06
-0.142     -0.288     3.53874e-06
-0.374     -0.487     3.53874e-06
-0.637     -0.653     3.53874e-06
0.075     -0.124      3.53874e-06
0.247     0.320	      3.53874e-06
-0.178     0.181      3.53874e-06
0.341     -0.112      3.53874e-06
-0.460     -0.822     3.53874e-06
-0.163     -0.338     3.53874e-06
-0.207     -0.435     3.53874e-06
-0.463     -0.704     3.53874e-06
-0.559     -0.399     3.53874e-06
-0.106     -0.355     3.53874e-06
-0.106     -0.410     3.53874e-06
0.423     0.655	      3.53874e-06
0.074     0.396	      3.53874e-06
0.085     -0.434      3.53874e-06
-0.015     -0.270     3.53874e-06
0.110     0.063	      3.53874e-06
-0.161     -0.472     3.53874e-06
-0.133     0.164      3.53874e-06
0.040     -0.070      3.53874e-06
-0.486     -0.893     3.53874e-06
0.148     0.059	      3.53874e-06
-0.383     -0.702     3.53874e-06
-0.296     -0.549     3.53874e-06
-0.172     -0.695     3.53874e-06
-0.554     -0.693     3.53874e-06
-0.128     -0.427     3.53874e-06
0.137     0.008	      3.53874e-06
0.043     -0.038      3.53874e-06
-0.511     -0.839     3.53874e-06
-0.203     -0.588     3.53874e-06
-0.648     -0.780     3.53874e-06
0.319     0.252	      3.53874e-06
0.266     0.405	      3.53874e-06
0.155     0.155	      3.53874e-06
0.032     0.287	      3.53874e-06
-0.267     -0.609     3.53874e-06
0.277     0.125	      3.53874e-06
-0.207     -0.624     3.53874e-06
-0.302     -0.630     3.53874e-06
0.243     0.129	      3.53874e-06
-0.299     -0.668     3.53874e-06
-0.097     -0.077     3.53874e-06
-0.232     -0.331     3.53874e-06
-0.031     -0.425     3.53874e-06
0.247     -0.209      3.53874e-06
-0.001     -0.090     3.53874e-06
0.074     -0.297      3.53874e-06
0.215     0.371	      3.53874e-06
-0.034     -0.276     3.53874e-06
-0.420     -0.792     3.53874e-06
-0.392     -0.438     3.53874e-06
-0.345     -0.010     3.53874e-06
-0.614     -0.530     3.53874e-06
-0.166     -0.392     3.53874e-06
-0.026     0.001      3.53874e-06
-0.124     -0.525     3.53874e-06
-0.125     -0.201     3.53874e-06
-0.078     0.311      3.53874e-06
-0.173     -0.295     3.53874e-06
-0.203     -0.687     3.53874e-06
-0.266     -0.164     3.53874e-06
0.071     -0.590      3.53874e-06
0.057     0.164	      3.53874e-06
-0.069     0.181      3.53874e-06
-0.326     -0.801     3.53874e-06
0.395     0.280	      3.53874e-06
-0.220     -0.042     3.53874e-06
-0.080     -0.175     3.53874e-06
0.072     0.109	      3.53874e-06
-0.475     -0.440     3.53874e-06
-0.185     -0.422     3.53874e-06
-0.219     -0.523     3.53874e-06
0.097     -0.139      3.53874e-06
-0.144     -0.626     3.53874e-06
0.290     0.185	      3.53874e-06
-0.341     -0.207     3.53874e-06
-0.159     -0.511     3.53874e-06
0.079     0.741	      3.53874e-06
0.245     0.046	      3.53874e-06
-0.143     -0.257     3.53874e-06
-0.302     -0.551     3.53874e-06
0.305     0.314	      3.53874e-06
0.276     -0.272      3.53874e-06
0.287     0.204	      3.53874e-06
-0.260     -0.031     3.53874e-06
0.485     0.646	      3.53874e-06
0.332     0.422	      3.53874e-06
-0.416     -0.557     3.53874e-06
-0.046     -0.130     3.53874e-06
-0.177     -0.667     3.53874e-06
0.107     -0.159      3.53874e-06
-0.228     -0.551     3.53874e-06
0.026     -0.137      3.53874e-06
-0.306     -0.184     3.53874e-06
-0.161     -0.680     3.53874e-06
0.089     0.546	      3.53874e-06
-0.518     -0.333     3.53874e-06
0.118     0.214	      3.53874e-06
-0.271     -0.316     3.53874e-06
0.212     -0.003      3.53874e-06
-0.185     -0.235     3.53874e-06
-0.409     -0.332     3.53874e-06
0.704     0.677	      3.53874e-06
-0.203     -0.423     3.53874e-06
0.111     -0.316      3.53874e-06
0.098     -0.044      3.53874e-06
-0.085     -0.595     3.53874e-06
0.146     -0.361      3.53874e-06
-0.304     0.033      3.53874e-06
0.016     -0.382      3.53874e-06
-0.342     -0.550     3.53874e-06
-0.061     -0.416     3.53874e-06
-0.434     -0.699     3.53874e-06
0.071     0.441	      3.53874e-06
0.104     -0.214      3.53874e-06
-0.043     -0.352     3.53874e-06
0.075     0.079	      3.53874e-06
-0.241     -0.712     3.53874e-06
-0.386     0.162      3.53874e-06
0.092     -0.001      3.53874e-06
-0.194     -0.303     3.53874e-06
-0.591     -0.551     3.53874e-06
-0.212     -0.375     3.53874e-06
-0.124     0.147      3.53874e-06
-0.194     -0.178     3.53874e-06
-0.414     -0.266     3.53874e-06
-0.240     0.083      3.53874e-06
-0.282     -0.217     3.53874e-06
-0.104     -0.148     3.53874e-06
0.048     0.473	      3.53874e-06
0.457     0.613	      3.53874e-06
-0.056     -0.642     3.53874e-06
-0.012     -0.309     3.53874e-06
0.042     -0.166      3.53874e-06
-0.612     -0.346     3.53874e-06
-0.327     -0.368     3.53874e-06
-0.208     -0.108     3.53874e-06
0.028     -0.035      3.53874e-06
-0.158     0.085      3.53874e-06
-0.362     -0.179     3.53874e-06
-0.060     -0.507     3.53874e-06
0.058     -0.022      3.53874e-06
-0.692     -0.757     3.53874e-06
-0.330     -0.375     3.53874e-06
-0.018     0.181      3.53874e-06
-0.477     -0.097     3.53874e-06
0.068     -0.341      3.53874e-06
-0.140     0.000      3.53874e-06
-0.105     -0.469     3.53874e-06
-0.024     -0.337     3.53874e-06
-0.546     -0.810     3.53874e-06
-0.690     -0.362     3.53874e-06
-0.080     -0.483     3.53874e-06
-0.288     -0.336     3.53874e-06
-0.139     -0.776     3.53874e-06
-0.194     0.130      3.53874e-06
0.275     0.694	      3.53874e-06
-0.134     -0.517     3.53874e-06
0.358     0.266	      3.53874e-06
-0.154     -0.375     3.53874e-06
-0.563     -0.897     3.53874e-06
-0.509     -0.250     3.53874e-06
-0.184     -0.112     3.53874e-06
0.279     -0.125      3.53874e-06
0.002     -0.060      3.53874e-06
-0.587     -0.665     3.53874e-06
-0.606     -0.106     3.53874e-06
0.275     0.083	      3.53874e-06
-0.145     -0.581     3.53874e-06
-0.231     -0.126     3.53874e-06
-0.405     -0.587     3.53874e-06
-0.072     -0.538     3.53874e-06
-0.608     -0.359     3.53874e-06
-0.370     -0.655     3.53874e-06
0.002     -0.500      3.53874e-06
-0.525     -0.616     3.53874e-06
0.544     0.592	      3.53874e-06
-0.196     -0.150     3.53874e-06
-0.073     -0.218     3.53874e-06
-0.158     -0.295     3.53874e-06
-0.310     -0.154     3.53874e-06
-0.078     -0.270     3.53874e-06
-0.088     -0.075     3.53874e-06
0.264     0.297	      3.53874e-06
-0.070     -0.650     3.53874e-06
-0.472     -0.697     3.53874e-06
-0.046     -0.478     3.53874e-06
0.040     -0.001      3.53874e-06
-0.145     0.614      3.53874e-06
0.025     0.004	      3.53874e-06
-0.019     -0.356     3.53874e-06
-0.248     -0.217     3.53874e-06
0.059     0.161	      3.53874e-06
0.240     0.273	      3.53874e-06
0.070     -0.813      3.53874e-06
-0.708     0.640      3.53874e-06
0.733     0.726	      3.53874e-06
-0.259     -0.692     3.53874e-06
0.161     -0.136      3.53874e-06
0.124     -0.345      3.53874e-06
-0.163     -0.231     3.53874e-06
0.130     -0.559      3.53874e-06
0.376     0.348	      3.53874e-06
-0.071     -0.185     3.53874e-06
0.338     0.229	      3.53874e-06
-0.369     -0.535     3.53874e-06
-0.307     -0.441     3.53874e-06
0.088     -0.235      3.53874e-06
0.025     0.071	      3.53874e-06
-0.051     -0.397     3.53874e-06
-0.073     -0.011     3.53874e-06
-0.264     -0.663     3.53874e-06
0.139     0.400	      3.53874e-06
-0.306     -0.587     3.53874e-06
-0.396     -0.100     3.53874e-06
-0.292     -0.290     3.53874e-06
0.376     0.364	      3.53874e-06
0.333     0.172	      3.53874e-06
-0.157     -0.262     3.53874e-06
-0.124     -0.234     3.53874e-06
-0.349     -0.596     3.53874e-06
-0.491     -0.373     3.53874e-06
-0.077     0.421      3.53874e-06
0.198     -0.199      3.53874e-06
-0.363     -0.694     3.53874e-06
0.318     0.038	      3.53874e-06
-0.331     -0.680     3.53874e-06
-0.112     -0.670     3.53874e-06
-0.734     -0.521     3.53874e-06
-0.055     -0.205     3.53874e-06
0.339     0.567	      3.53874e-06
0.053     0.354	      3.53874e-06
0.392     0.410	      3.53874e-06
-0.032     -0.433     3.53874e-06
0.182     -0.304      3.53874e-06
-0.311     -0.495     3.53874e-06
0.208     -0.079      3.53874e-06
0.319     -0.224      3.53874e-06
0.065     0.044	      3.53874e-06
-0.109     0.015      3.53874e-06
-0.164     0.025      3.53874e-06
0.434     0.606	      3.53874e-06
0.102     -0.050      3.53874e-06
-0.519     -0.004     3.53874e-06
0.348     0.147	      3.53874e-06
-0.279     -0.455     3.53874e-06
0.373     0.449	      3.53874e-06
0.091     0.378	      3.53874e-06
0.146     0.085	      3.53874e-06
0.158     -0.203      3.53874e-06
-0.134     -0.462     3.53874e-06
-0.387     -0.572     3.53874e-06
-0.172     -0.447     3.53874e-06
-0.044     -0.607     3.53874e-06
-0.841     0.003      3.53874e-06
-0.337     -0.800     3.53874e-06
0.465     0.004	      3.53874e-06
0.132     -0.119      3.53874e-06
0.379     0.584	      3.53874e-06
-0.085     0.096      3.53874e-06
-0.264     -0.488     3.53874e-06
-0.157     0.029      3.53874e-06
-0.214     -0.176     3.53874e-06
-0.352     -0.231     3.53874e-06
-0.121     0.252      3.53874e-06
-0.481     -0.261     3.53874e-06
-0.066     -0.325     3.53874e-06
0.086     -0.320      3.53874e-06
0.268     0.024	      3.53874e-06
-0.059     -0.512     3.53874e-06
-0.149     -0.412     3.53874e-06
-0.256     0.293      3.53874e-06
-0.010     -0.299     3.53874e-06
0.320     -0.017      3.53874e-06
-0.040     -0.025     3.53874e-06
0.076     0.294	      3.53874e-06
-0.213     -0.203     3.53874e-06
-0.581     -0.205     3.53874e-06
0.284     0.094	      3.53874e-06
-0.108     0.219      3.53874e-06
-0.279     -0.362     3.53874e-06
-0.182     -0.608     3.53874e-06
0.200     -0.081      3.53874e-06
-0.074     -0.140     3.53874e-06
-0.462     -0.479     3.53874e-06
-0.395     -0.660     3.53874e-06
0.067     -0.140      3.53874e-06
-0.215     -0.624     3.53874e-06
0.018     -0.134      3.53874e-06
-0.523     -0.683     3.53874e-06
-0.126     -0.292     3.53874e-06
-0.285     -0.407     3.53874e-06
0.018     0.204	      3.53874e-06
0.087     0.388	      3.53874e-06
-0.385     -0.186     3.53874e-06
-0.508     -0.662     3.53874e-06
-0.240     -0.878     3.53874e-06
-0.041     0.014      3.53874e-06
-0.213     -0.333     3.53874e-06
-0.157     -0.548     3.53874e-06
0.143     -0.221      3.53874e-06
0.070     0.049	      3.53874e-06
-0.195     0.256      3.53874e-06
0.336     0.507	      3.53874e-06
-0.617     -0.477     3.53874e-06
-0.478     -0.465     3.53874e-06
-0.187     -0.723     3.53874e-06
-0.047     0.114      3.53874e-06
0.198     -0.078      3.53874e-06
-0.485     0.012      3.53874e-06
-0.192     -0.387     3.53874e-06
-0.464     -0.157     3.53874e-06
-0.307     -0.641     3.53874e-06
-0.030     0.016      3.53874e-06
-0.207     -0.033     3.53874e-06
-0.430     -0.619     3.53874e-06
0.244     0.168	      3.53874e-06
-0.295     -0.594     3.53874e-06
0.133     -0.048      3.53874e-06
-0.351     -0.422     3.53874e-06
-0.631     -0.918     3.53874e-06
-0.349     -0.812     3.53874e-06
0.186     -0.098      3.53874e-06
-0.338     -0.631     3.53874e-06
-0.291     -0.144     3.53874e-06
-0.190     0.077      3.53874e-06
-0.226     0.606      3.53874e-06
0.353     0.176	      3.53874e-06
-0.382     0.523      3.53874e-06
-0.304     -0.027     3.53874e-06
-0.055     -0.229     3.53874e-06
-0.042     -0.493     3.53874e-06
-0.159     -0.312     3.53874e-06
0.037     -0.128      3.53874e-06
0.134     0.168	      3.53874e-06
0.071     -0.111      3.53874e-06
-0.742     -0.933     3.53874e-06
-0.025     0.401      3.53874e-06
-0.152     -0.246     3.53874e-06
0.424     0.471	      3.53874e-06
-0.125     -0.326     3.53874e-06
-0.059     -0.342     3.53874e-06
-0.416     -0.747     3.53874e-06
-0.202     -0.706     3.53874e-06
-0.285     -0.620     3.53874e-06
0.184     0.391	      3.53874e-06
0.127     -0.532      3.53874e-06
-0.094     -0.500     3.53874e-06
0.345     0.487	      3.53874e-06
-0.015     -0.214     3.53874e-06
0.175     0.344	      3.53874e-06
-0.244     -0.720     3.53874e-06
-0.168     -0.521     3.53874e-06
-0.157     -0.291     3.53874e-06
0.115     -0.061      3.53874e-06
-0.370     -0.716     3.53874e-06
-0.390     -0.378     3.53874e-06
0.208     0.391	      3.53874e-06
0.140     0.564	      3.53874e-06
0.051     -0.106      3.53874e-06
-0.043     0.352      3.53874e-06
-0.596     -0.705     3.53874e-06
-0.253     0.146      3.53874e-06
-0.244     -0.553     3.53874e-06
-0.327     -0.478     3.53874e-06
0.306     -0.051      3.53874e-06
0.157     0.210	      3.53874e-06
-0.348     -0.298     3.53874e-06
-0.371     -0.253     3.53874e-06
-0.406     -0.704     3.53874e-06
0.078     -0.022      3.53874e-06
-0.204     -0.539     3.53874e-06
-0.052     -0.204     3.53874e-06
0.266     0.475	      3.53874e-06
-0.172     0.418      3.53874e-06
-0.311     -0.395     3.53874e-06
0.172     0.390	      3.53874e-06
0.366     0.459	      3.53874e-06
0.252     0.083	      3.53874e-06
-0.022     -0.434     3.53874e-06
-0.263     0.156      3.53874e-06
0.060     -0.081      3.53874e-06
-0.329     0.524      3.53874e-06
0.279     0.266	      3.53874e-06
0.177     -0.341      3.53874e-06
-0.545     -0.872     3.53874e-06
-0.141     -0.323     3.53874e-06
-0.218     -0.275     3.53874e-06
-0.325     -0.216     3.53874e-06
-0.073     -0.395     3.53874e-06
-0.168     -0.601     3.53874e-06
-0.493     -0.654     3.53874e-06
-0.030     0.316      3.53874e-06
0.265     0.417	      3.53874e-06
0.018     0.056	      3.53874e-06
0.125     -0.304      3.53874e-06
-0.267     -0.370     3.53874e-06
-0.075     -0.247     3.53874e-06
-0.289     -0.568     3.53874e-06
-0.467     -0.800     3.53874e-06
-0.197     -0.363     3.53874e-06
-0.201     -0.426     3.53874e-06
0.009     0.046	      3.53874e-06
-0.060     -0.236     3.53874e-06
-0.049     -0.164     3.53874e-06
-0.302     -0.304     3.53874e-06
0.118     -0.490      3.53874e-06
-0.229     0.005      3.53874e-06
-0.501     -0.510     3.53874e-06
0.150     -0.205      3.53874e-06
-0.407     -0.262     3.53874e-06
-0.557     -0.469     3.53874e-06
-0.027     -0.488     3.53874e-06
0.198     0.536	      3.53874e-06
-0.598     -0.149     3.53874e-06
-0.015     -0.146     3.53874e-06
-0.192     -0.362     3.53874e-06
0.250     0.199	      3.53874e-06
0.364     0.434	      3.53874e-06
-0.016     -0.693     3.53874e-06
-0.119     -0.011     3.53874e-06
0.206     0.441	      3.53874e-06
0.124     0.437	      3.53874e-06
-0.201     -0.101     3.53874e-06
-0.400     -0.697     3.53874e-06
0.238     -0.160      3.53874e-06
-0.402     0.426      3.53874e-06
-0.055     -0.244     3.53874e-06
0.069     0.225	      3.53874e-06
-0.326     -0.513     3.53874e-06
-0.314     -0.678     3.53874e-06
-0.172     -0.718     3.53874e-06
0.180     -0.157      3.53874e-06
-0.130     -0.529     3.53874e-06
-0.138     -0.220     3.53874e-06
-0.240     -0.292     3.53874e-06
-0.478     -0.084     3.53874e-06
-0.138     -0.589     3.53874e-06
-0.391     -0.452     3.53874e-06
0.168     -0.438      3.53874e-06
-0.138     -0.729     3.53874e-06
-0.153     -0.572     3.53874e-06
-0.256     -0.682     3.53874e-06
-0.054     -0.616     3.53874e-06
-0.449     -0.216     3.53874e-06
-0.021     -0.019     3.53874e-06
-0.102     -0.654     3.53874e-06
0.382     0.057	      3.53874e-06
0.458     0.113	      3.53874e-06
-0.067     -0.397     3.53874e-06
-0.690     -0.138     3.53874e-06
-0.417     -0.268     3.53874e-06
-0.581     -0.459     3.53874e-06
-0.076     0.062      3.53874e-06
-0.123     0.234      3.53874e-06
0.231     0.251	      3.53874e-06
0.295     -0.030      3.53874e-06
-0.526     -0.558     3.53874e-06
-0.245     -0.476     3.53874e-06
0.118     -0.331      3.53874e-06
-0.031     -0.008     3.53874e-06
0.064     -0.015      3.53874e-06
0.434     0.537	      3.53874e-06
-0.236     -0.447     3.53874e-06
0.355     0.422	      3.53874e-06
-0.466     -0.220     3.53874e-06
-0.454     0.299      3.53874e-06
-0.248     -0.428     3.53874e-06
-0.448     -0.526     3.53874e-06
0.255     0.082	      3.53874e-06
0.011     0.379	      3.53874e-06
-0.275     0.277      3.53874e-06
-0.056     -0.004     3.53874e-06
0.235     0.305	      3.53874e-06
-0.072     -0.060     3.53874e-06
-0.166     -0.475     3.53874e-06
-0.471     -0.713     3.53874e-06
-0.316     -0.720     3.53874e-06
-0.202     -0.454     3.53874e-06
0.168     -0.535      3.53874e-06
-0.188     -0.407     3.53874e-06
-0.451     0.020      3.53874e-06
-0.203     -0.243     3.53874e-06
0.139     0.233	      3.53874e-06
-0.138     -0.134     3.53874e-06
-0.325     0.250      3.53874e-06
0.328     0.455	      3.53874e-06
0.187     -0.306      3.53874e-06
0.141     0.133	      3.53874e-06
0.252     -0.036      3.53874e-06
-0.241     -0.510     3.53874e-06
-0.511     -0.264     3.53874e-06
-0.282     -0.624     3.53874e-06
0.412     0.246	      3.53874e-06
-0.237     -0.061     3.53874e-06
-0.165     -0.647     3.53874e-06
-0.405     -0.355     3.53874e-06
0.151     -0.392      3.53874e-06
-0.161     0.629      3.53874e-06
-0.183     -0.481     3.53874e-06
0.222     -0.239      3.53874e-06
-0.184     -0.592     3.53874e-06
0.285     -0.091      3.53874e-06
0.129     0.268	      3.53874e-06
-0.104     -0.476     3.53874e-06
-0.167     -0.721     3.53874e-06
-0.225     0.059      3.53874e-06
-0.447     -0.116     3.53874e-06
0.073     -0.311      3.53874e-06
-0.006     0.308      3.53874e-06
-0.303     -0.492     3.53874e-06
-0.155     -0.358     3.53874e-06
0.135     0.074	      3.53874e-06
0.051     -0.451      3.53874e-06
0.155     0.065	      3.53874e-06
-0.082     -0.442     3.53874e-06
-0.499     -0.013     3.53874e-06
-0.344     -0.672     3.53874e-06
0.177     -0.438      3.53874e-06
-0.093     -0.192     3.53874e-06
-0.579     -0.309     3.53874e-06
0.179     0.007	      3.53874e-06
0.212     0.373	      3.53874e-06
-0.201     -0.339     3.53874e-06
-0.012     -0.690     3.53874e-06
-0.155     -0.375     3.53874e-06
-0.685     -0.886     3.53874e-06
-0.282     -0.140     3.53874e-06
-0.394     -0.664     3.53874e-06
-0.267     -0.669     3.53874e-06
-0.034     -0.096     3.53874e-06
-0.638     -0.554     3.53874e-06
-0.283     -0.603     3.53874e-06
-0.329     -0.478     3.53874e-06
0.104     0.237	      3.53874e-06
-0.338     -0.450     3.53874e-06
-0.161     -0.468     3.53874e-06
0.084     -0.304      3.53874e-06
0.454     0.545	      3.53874e-06
-0.261     -0.275     3.53874e-06
-0.082     -0.541     3.53874e-06
-0.165     -0.557     3.53874e-06
0.198     -0.100      3.53874e-06
-0.255     -0.616     3.53874e-06
0.173     -0.115      3.53874e-06
0.303     0.642	      3.53874e-06
-0.470     -0.364     3.53874e-06
-0.198     -0.202     3.53874e-06
-0.261     -0.284     3.53874e-06
-0.446     -0.749     3.53874e-06
-0.098     -0.587     3.53874e-06
-0.463     -0.391     3.53874e-06
-0.235     -0.374     3.53874e-06
0.066     0.261	      3.53874e-06
-0.004     -0.122     3.53874e-06
-0.123     -0.511     3.53874e-06
-0.268     -0.823     3.53874e-06
-0.698     -0.363     3.53874e-06
-0.065     -0.408     3.53874e-06
-0.503     -0.374     3.53874e-06
0.039     -0.234      3.53874e-06
-0.128     -0.007     3.53874e-06
0.200     0.177	      3.53874e-06
-0.286     -0.674     3.53874e-06
0.317     0.292	      3.53874e-06
0.228     0.450	      3.53874e-06
-0.529     -0.486     3.53874e-06
0.120     0.170	      3.53874e-06
0.434     0.407	      3.53874e-06
0.035     0.241	      3.53874e-06
-0.210     -0.352     3.53874e-06
-0.257     -0.542     3.53874e-06
-0.529     0.151      3.53874e-06
-0.279     -0.717     3.53874e-06
-0.236     -0.387     3.53874e-06
-0.084     -0.154     3.53874e-06
0.031     0.217	      3.53874e-06
-0.344     -0.310     3.53874e-06
-0.286     -0.203     3.53874e-06
0.026     0.120	      3.53874e-06
0.121     -0.204      3.53874e-06
-0.313     -0.139     3.53874e-06
-0.131     0.167      3.53874e-06
-0.166     0.032      3.53874e-06
-0.200     -0.077     3.53874e-06
-0.305     -0.145     3.53874e-06
-0.410     -0.470     3.53874e-06
-0.068     0.137      3.53874e-06
0.079     -0.041      3.53874e-06
-0.165     -0.292     3.53874e-06
-0.257     -0.427     3.53874e-06
0.064     -0.091      3.53874e-06
-0.207     0.067      3.53874e-06
-0.037     -0.578     3.53874e-06
-0.504     -0.406     3.53874e-06
-0.453     -0.028     3.53874e-06
-0.108     -0.370     3.53874e-06
0.064     0.247	      3.53874e-06
-0.285     -0.447     3.53874e-06
-0.373     -0.044     3.53874e-06
-0.068     -0.153     3.53874e-06
0.113     0.091	      3.53874e-06
0.091     -0.473      3.53874e-06
0.556     0.285	      3.53874e-06
0.136     0.138	      3.53874e-06
-0.160     -0.454     3.53874e-06
-0.207     -0.493     3.53874e-06
-0.216     -0.676     3.53874e-06
-0.413     -0.332     3.53874e-06
-0.551     -0.775     3.53874e-06
0.287     0.169	      3.53874e-06
0.286     -0.007      3.53874e-06
0.031     -0.383      3.53874e-06
-0.430     -0.151     3.53874e-06
-0.579     -0.527     3.53874e-06
-0.322     -0.306     3.53874e-06
-0.753     0.360      3.53874e-06
0.111     -0.036      3.53874e-06
0.050     -0.129      3.53874e-06
-0.661     -0.117     3.53874e-06
0.233     0.157	      3.53874e-06
0.150     0.529	      3.53874e-06
0.088     0.229	      3.53874e-06
0.058     -0.101      3.53874e-06
-0.047     0.040      3.53874e-06
-0.760     -0.352     3.53874e-06
0.143     0.480	      3.53874e-06
-0.225     -0.474     3.53874e-06
-0.313     -0.480     3.53874e-06
-0.499     -0.288     3.53874e-06
0.388     0.014	      3.53874e-06
-0.357     0.127      3.53874e-06
0.204     -0.198      3.53874e-06
-0.031     -0.227     3.53874e-06
-0.220     0.219      3.53874e-06
0.135     0.158	      3.53874e-06
0.046     0.119	      3.53874e-06
-0.164     -0.023     3.53874e-06
-0.223     -0.526     3.53874e-06
-0.513     -0.317     3.53874e-06
0.220     0.234	      3.53874e-06
-0.659     -0.150     3.53874e-06
0.189     0.610	      3.53874e-06
-0.119     -0.210     3.53874e-06
-0.209     -0.628     3.53874e-06
-0.286     -0.631     3.53874e-06
-0.397     -0.565     3.53874e-06
0.112     0.446	      3.53874e-06
-0.138     -0.214     3.53874e-06
-0.127     -0.548     3.53874e-06
0.077     0.003	      3.53874e-06
-0.147     -0.595     3.53874e-06
-0.489     -0.506     3.53874e-06
-0.169     -0.531     3.53874e-06
-0.087     -0.145     3.53874e-06
-0.248     -0.287     3.53874e-06
-0.737     -0.903     3.53874e-06
0.000     0.272	      3.53874e-06
0.031     0.408	      3.53874e-06
-0.037     -0.127     3.53874e-06
-0.624     0.146      3.53874e-06
0.267     0.143	      3.53874e-06
-0.188     -0.582     3.53874e-06
0.398     0.499	      3.53874e-06
-0.377     -0.614     3.53874e-06
0.110     -0.297      3.53874e-06
0.180     -0.457      3.53874e-06
-0.195     -0.455     3.53874e-06
0.012     -0.001      3.53874e-06
-0.694     -0.537     3.53874e-06
-0.155     -0.436     3.53874e-06
0.086     -0.164      3.53874e-06
-0.173     -0.391     3.53874e-06
-0.263     -0.317     3.53874e-06
-0.485     -0.510     3.53874e-06
-0.513     -0.198     3.53874e-06
0.192     0.303	      3.53874e-06
0.249     0.588	      3.53874e-06
-0.249     -0.024     3.53874e-06
-0.359     -0.092     3.53874e-06
-0.153     -0.452     3.53874e-06
-0.054     0.003      3.53874e-06
0.119     0.143	      3.53874e-06
-0.063     -0.118     3.53874e-06
0.198     0.327	      3.53874e-06
-0.394     -0.558     3.53874e-06
-0.273     -0.659     3.53874e-06
-0.340     -0.357     3.53874e-06
0.379     0.351	      3.53874e-06
-0.478     -0.593     3.53874e-06
-0.170     -0.049     3.53874e-06
0.304     -0.020      3.53874e-06
0.047     0.532	      3.53874e-06
-0.187     0.014      3.53874e-06
-0.605     -0.100     3.53874e-06
0.125     -0.010      3.53874e-06
0.030     -0.022      3.53874e-06
0.009     0.181	      3.53874e-06
0.165     -0.088      3.53874e-06
-0.158     -0.494     3.53874e-06
0.244     0.015	      3.53874e-06
-0.360     -0.490     3.53874e-06
0.271     -0.052      3.53874e-06
0.469     0.463	      3.53874e-06
-0.146     -0.087     3.53874e-06
0.211     -0.371      3.53874e-06
0.174     -0.229      3.53874e-06
-0.308     -0.478     3.53874e-06
-0.082     0.379      3.53874e-06
-0.509     -0.610     3.53874e-06
-0.346     -0.639     3.53874e-06
0.412     0.545	      3.53874e-06
0.264     0.214	      3.53874e-06
-0.348     0.186      3.53874e-06
-0.190     -0.503     3.53874e-06
-0.309     -0.587     3.53874e-06
0.419     0.637	      3.53874e-06
0.167     0.037	      3.53874e-06
0.007     -0.274      3.53874e-06
-0.501     -0.115     3.53874e-06
-0.049     0.393      3.53874e-06
-0.777     -0.262     3.53874e-06
0.077     -0.119      3.53874e-06
-0.546     -0.597     3.53874e-06
-0.217     -0.545     3.53874e-06
0.383     0.506	      3.53874e-06
-0.123     0.163      3.53874e-06
-0.360     0.235      3.53874e-06
-0.339     -0.453     3.53874e-06
-0.109     -0.059     3.53874e-06
0.125     0.275	      3.53874e-06
-0.286     -0.379     3.53874e-06
-0.114     0.201      3.53874e-06
-0.370     0.489      3.53874e-06
-0.215     -0.038     3.53874e-06
-0.113     -0.420     3.53874e-06
-0.020     -0.427     3.53874e-06
-0.507     -0.893     3.53874e-06
0.370     0.499	      3.53874e-06
-0.809     -0.817     3.53874e-06
-0.377     0.164      3.53874e-06
0.402     0.235	      3.53874e-06
0.349     0.124	      3.53874e-06
-0.259     0.124      3.53874e-06
0.098     -0.160      3.53874e-06
-0.192     -0.159     3.53874e-06
-0.275     -0.501     3.53874e-06
-0.426     -0.866     3.53874e-06
0.217     0.323	      3.53874e-06
-0.258     -0.309     3.53874e-06
-0.351     0.009      3.53874e-06
-0.214     -0.505     3.53874e-06
0.093     -0.383      3.53874e-06
0.240     -0.108      3.53874e-06
-0.403     -0.634     3.53874e-06
-0.084     -0.162     3.53874e-06
0.270     0.484	      3.53874e-06
-0.082     -0.410     3.53874e-06
-0.498     -0.309     3.53874e-06
-0.166     -0.572     3.53874e-06
-0.207     -0.099     3.53874e-06
0.049     -0.329      3.53874e-06
-0.279     -0.343     3.53874e-06
0.584     0.594	      3.53874e-06
-0.013     0.088      3.53874e-06
0.138     -0.510      3.53874e-06
-0.452     0.530      3.53874e-06
-0.473     -0.575     3.53874e-06
-0.157     -0.423     3.53874e-06
0.473     0.628	      3.53874e-06
-0.702     -0.244     3.53874e-06
-0.221     -0.506     3.53874e-06
-0.365     -0.802     3.53874e-06
-0.491     -0.546     3.53874e-06
-0.562     -0.807     3.53874e-06
-0.353     -0.254     3.53874e-06
-0.138     -0.613     3.53874e-06
-0.334     -0.492     3.53874e-06
0.259     0.013	      3.53874e-06
-0.161     0.479      3.53874e-06
-0.180     -0.679     3.53874e-06
-0.556     -0.500     3.53874e-06
-0.085     -0.422     3.53874e-06
-0.092     -0.177     3.53874e-06
-0.285     -0.434     3.53874e-06
-0.240     -0.095     3.53874e-06
0.124     0.278	      3.53874e-06
-0.302     0.220      3.53874e-06
0.368     0.348	      3.53874e-06
0.229     -0.073      3.53874e-06
-0.606     -0.204     3.53874e-06
0.347     0.287	      3.53874e-06
-0.168     -0.260     3.53874e-06
-0.554     -0.320     3.53874e-06
-0.438     -0.407     3.53874e-06
0.126     0.436	      3.53874e-06
-0.255     -0.641     3.53874e-06
0.290     0.553	      3.53874e-06
0.305     0.155	      3.53874e-06
-0.105     0.025      3.53874e-06
0.111     -0.230      3.53874e-06
-0.123     0.129      3.53874e-06
-0.114     -0.231     3.53874e-06
-0.379     0.348      3.53874e-06
0.279     -0.024      3.53874e-06
0.361     0.694	      3.53874e-06
-0.055     -0.429     3.53874e-06
-0.168     -0.195     3.53874e-06
-0.450     0.103      3.53874e-06
-0.091     -0.064     3.53874e-06
-0.104     -0.810     3.53874e-06
0.350     -0.054      3.53874e-06
-0.689     -0.588     3.53874e-06
-0.163     -0.411     3.53874e-06
0.015     0.156	      3.53874e-06
-0.344     -0.638     3.53874e-06
-0.266     -0.401     3.53874e-06
-0.186     -0.279     3.53874e-06
-0.175     0.192      3.53874e-06
-0.284     -0.486     3.53874e-06
0.048     0.181	      3.53874e-06
-0.457     -0.630     3.53874e-06
-0.425     -0.450     3.53874e-06
0.195     0.075	      3.53874e-06
-0.249     -0.333     3.53874e-06
-0.562     -0.323     3.53874e-06
-0.197     -0.013     3.53874e-06
0.016     0.058	      3.53874e-06
-0.349     -0.173     3.53874e-06
-0.380     -0.687     3.53874e-06
-0.411     -0.437     3.53874e-06
-0.093     -0.598     3.53874e-06
0.245     0.221	      3.53874e-06
-0.583     -0.317     3.53874e-06
-0.225     -0.641     3.53874e-06
-0.075     -0.036     3.53874e-06
-0.262     -0.548     3.53874e-06
-0.268     -0.483     3.53874e-06
-0.328     -0.698     3.53874e-06
-0.267     -0.519     3.53874e-06
0.321     -0.081      3.53874e-06
-0.100     -0.462     3.53874e-06
-0.056     -0.315     3.53874e-06
-0.068     -0.703     3.53874e-06
-0.219     -0.554     3.53874e-06
-0.384     -0.098     3.53874e-06
0.789     0.697	      3.53874e-06
0.236     0.327	      3.53874e-06
0.337     0.229	      3.53874e-06
0.179     0.597	      3.53874e-06
-0.283     -0.563     3.53874e-06
0.052     -0.107      3.53874e-06
-0.192     0.520      3.53874e-06
-0.516     -0.464     3.53874e-06
0.219     -0.442      3.53874e-06
-0.075     -0.313     3.53874e-06
0.205     0.083	      3.53874e-06
0.185     0.122	      3.53874e-06
-0.158     0.156      3.53874e-06
-0.105     -0.192     3.53874e-06
-0.146     -0.330     3.53874e-06
-0.602     -0.358     3.53874e-06
-0.375     -0.505     3.53874e-06
0.363     0.028	      3.53874e-06
0.239     -0.166      3.53874e-06
-0.226     -0.595     3.53874e-06
-0.087     -0.299     3.53874e-06
-0.106     0.322      3.53874e-06
0.205     -0.226      3.53874e-06
-0.249     -0.497     3.53874e-06
-0.204     -0.804     3.53874e-06
-0.201     -0.486     3.53874e-06
-0.139     0.432      3.53874e-06
-0.304     -0.726     3.53874e-06
0.277     0.060	      3.53874e-06
-0.177     0.272      3.53874e-06
0.367     0.197	      3.53874e-06
-0.161     -0.376     3.53874e-06
-0.205     -0.528     3.53874e-06
-0.263     -0.007     3.53874e-06
-0.432     -0.749     3.53874e-06
-0.593     -0.489     3.53874e-06
0.146     -0.001      3.53874e-06
-0.170     -0.048     3.53874e-06
-0.287     -0.535     3.53874e-06
0.191     0.151	      3.53874e-06
-0.035     0.133      3.53874e-06
-0.192     -0.593     3.53874e-06
-0.357     -0.622     3.53874e-06
-0.057     -0.264     3.53874e-06
-0.125     -0.594     3.53874e-06
-0.164     -0.495     3.53874e-06
-0.273     0.299      3.53874e-06
-0.391     -0.703     3.53874e-06
0.719     0.663	      3.53874e-06
0.018     -0.334      3.53874e-06
-0.486     -0.545     3.53874e-06
0.617     0.351	      3.53874e-06
-0.554     -0.235     3.53874e-06
-0.262     -0.227     3.53874e-06
-0.252     -0.634     3.53874e-06
0.393     0.059	      3.53874e-06
-0.080     -0.412     3.53874e-06
-0.342     -0.314     3.53874e-06
-0.146     -0.624     3.53874e-06
-0.123     -0.162     3.53874e-06
0.119     -0.229      3.53874e-06
-0.367     -0.305     3.53874e-06
-0.079     -0.391     3.53874e-06
-0.215     -0.152     3.53874e-06
-0.416     -0.197     3.53874e-06
-0.018     -0.061     3.53874e-06
-0.333     -0.247     3.53874e-06
-0.175     -0.176     3.53874e-06
-0.183     -0.342     3.53874e-06
-0.530     -0.086     3.53874e-06
0.121     -0.353      3.53874e-06
0.171     0.047	      3.53874e-06
-0.228     -0.375     3.53874e-06
-0.451     -0.413     3.53874e-06
0.053     0.294	      3.53874e-06
-0.094     -0.056     3.53874e-06
-0.201     -0.526     3.53874e-06
-0.258     -0.128     3.53874e-06
0.008     0.315	      3.53874e-06
-0.049     -0.282     3.53874e-06
-0.018     -0.276     3.53874e-06
-0.091     0.149      3.53874e-06
0.138     -0.269      3.53874e-06
-0.348     -0.645     3.53874e-06
-0.138     -0.178     3.53874e-06
-0.209     -0.541     3.53874e-06
-0.266     -0.573     3.53874e-06
-0.271     -0.112     3.53874e-06
-0.686     -0.337     3.53874e-06
-0.326     -0.375     3.53874e-06
-0.558     -0.494     3.53874e-06
-0.634     -0.548     3.53874e-06
-0.149     -0.573     3.53874e-06
-0.209     -0.552     3.53874e-06
0.176     0.365	      3.53874e-06
-0.080     -0.510     3.53874e-06
0.174     -0.003      3.53874e-06
-0.909     -0.775     3.53874e-06
-0.207     -0.217     3.53874e-06
-0.182     -0.792     3.53874e-06
0.219     0.265	      3.53874e-06
0.272     0.176	      3.53874e-06
-0.306     -0.285     3.53874e-06
-0.103     -0.349     3.53874e-06
-0.086     -0.051     3.53874e-06
-0.256     -0.289     3.53874e-06
-0.107     -0.655     3.53874e-06
0.002     -0.228      3.53874e-06
-0.620     -0.250     3.53874e-06
0.038     -0.237      3.53874e-06
-0.295     -0.527     3.53874e-06
-0.098     -0.179     3.53874e-06
-0.625     -0.868     3.53874e-06
-0.068     -0.015     3.53874e-06
-0.028     -0.514     3.53874e-06
-0.210     -0.138     3.53874e-06
0.278     0.467	      3.53874e-06
-0.240     -0.529     3.53874e-06
-0.217     -0.275     3.53874e-06
-0.471     -0.643     3.53874e-06
-0.159     -0.756     3.53874e-06
0.141     0.072	      3.53874e-06
0.161     0.066	      3.53874e-06
0.159     0.241	      3.53874e-06
-0.206     0.274      3.53874e-06
-0.549     -0.655     3.53874e-06
0.044     0.162	      3.53874e-06
-0.125     0.102      3.53874e-06
-0.081     -0.246     3.53874e-06
-0.343     -0.188     3.53874e-06
0.610     0.485	      3.53874e-06
-0.191     -0.446     3.53874e-06
0.336     0.432	      3.53874e-06
-0.400     -0.449     3.53874e-06
0.064     -0.151      3.53874e-06
0.204     0.123	      3.53874e-06
0.289     0.095	      3.53874e-06
-0.204     -0.753     3.53874e-06
-0.221     0.363      3.53874e-06
-0.238     -0.433     3.53874e-06
-0.768     -0.297     3.53874e-06
0.054     0.375	      3.53874e-06
-0.189     -0.540     3.53874e-06
0.110     -0.486      3.53874e-06
-0.033     0.110      3.53874e-06
0.437     0.446	      3.53874e-06
-0.384     -0.525     3.53874e-06
0.221     -0.082      3.53874e-06
-0.063     -0.504     3.53874e-06
-0.123     -0.534     3.53874e-06
-0.326     -0.519     3.53874e-06
-0.459     -0.570     3.53874e-06
-0.423     -0.025     3.53874e-06
-0.110     -0.409     3.53874e-06
0.088     -0.104      3.53874e-06
-0.478     -0.718     3.53874e-06
0.223     -0.264      3.53874e-06
-0.383     -0.260     3.53874e-06
0.186     -0.335      3.53874e-06
-0.105     0.001      3.53874e-06
-0.014     -0.098     3.53874e-06
-0.338     -0.421     3.53874e-06
-0.169     -0.388     3.53874e-06
-0.069     -0.068     3.53874e-06
0.293     0.248	      3.53874e-06
0.128     0.303	      3.53874e-06
-0.496     -0.537     3.53874e-06
0.159     -0.143      3.53874e-06
0.121     -0.196      3.53874e-06
-0.283     -0.677     3.53874e-06
-0.035     -0.133     3.53874e-06
0.158     -0.504      3.53874e-06
-0.410     -0.646     3.53874e-06
0.198     -0.048      3.53874e-06
-0.163     -0.179     3.53874e-06
0.409     0.382	      3.53874e-06
-0.178     0.112      3.53874e-06
0.266     0.150	      3.53874e-06
-0.257     0.085      3.53874e-06
-0.295     -0.693     3.53874e-06
-0.263     -0.441     3.53874e-06
-0.297     0.028      3.53874e-06
0.056     -0.509      3.53874e-06
-0.079     -0.009     3.53874e-06
