-0.786     0.185
-0.239     0.610
-0.175     -0.471
-0.635     -0.586
0.105     0.226
0.235     -0.057
0.018     0.368
-0.143     -0.001
-0.265     -0.449
-0.034     -0.629
-0.295     -0.288
0.231     0.304
-0.086     -0.260
0.077     -0.211
-0.298     0.298
-0.109     -0.180
-0.621     0.091
-0.287     -0.249
0.024     0.346
-0.110     -0.576
-0.695     -0.039
-0.390     0.180
-0.101     -0.044
-0.326     0.152
-0.276     0.368
-0.406     -0.642
-0.542     -0.595
-0.277     -0.643
0.220     0.342
-0.476     0.225
-0.056     0.294
-0.578     0.058
-0.263     -0.761
-0.026     -0.649
0.086     -0.542
0.409     0.585
-0.396     -0.716
0.070     -0.246
