0.695     0.875
-0.027     -0.134
0.278     0.282
0.089     -0.013
-0.378     0.617
0.078     -0.305
-0.062     -0.122
-0.203     0.407
0.226     0.749
0.560     0.378
0.405     0.489
-0.392     -0.432
0.447     0.277
0.657     0.647
-0.260     0.472
-0.155     -0.345
0.557     0.280
-0.143     -0.220
0.200     -0.317
0.016     -0.534
-0.118     -0.293
0.465     0.557
0.301     0.178
0.090     0.554
0.325     0.130
0.214     0.332
0.390     0.346
-0.128     0.071
0.183     0.828
0.271     -0.151
0.188     0.133
0.086     -0.275
-0.189     -0.547
0.814     0.635
0.395     0.248
-0.854     0.036
-0.179     -0.197
0.097     0.512
0.334     0.454
0.122     0.249
0.079     0.071
0.059     -0.181
0.252     -0.178
-0.200     -0.642
0.602     0.792
-0.068     0.413
0.353     0.557
-0.429     -0.712
0.094     0.012
0.332     0.347
0.093     0.736
0.383     0.722
0.020     0.224
0.674     0.659
-0.084     -0.391
0.176     -0.213
0.555     0.370
0.584     0.192
0.216     -0.240
0.690     0.543
-0.015     0.021
0.136     0.235
0.061     -0.055
0.308     0.341
0.262     -0.217
-0.314     0.595
0.443     0.414
0.069     0.316
0.130     -0.163
0.200     0.019
0.031     -0.371
-0.199     -0.071
-0.070     0.639
-0.222     -0.092
0.232     0.467
-0.330     -0.594
0.250     0.543
-0.645     0.574
-0.253     -0.193
0.011     -0.152
0.036     -0.016
0.366     0.373
0.368     0.428
0.327     0.031
-0.025     -0.622
-0.267     -0.131
0.090     0.262
0.032     0.818
0.309     0.695
0.048     0.030
0.206     0.221
-0.008     0.401
0.368     0.767
0.458     0.422
-0.008     -0.185
0.074     0.441
-0.345     -0.054
0.298     0.351
0.808     0.611
0.166     0.623
0.258     0.483
-0.444     -0.730
0.298     0.048
0.056     0.015
0.371     0.486
-0.236     -0.352
0.521     0.395
-0.062     -0.610
-0.151     -0.150
-0.031     -0.094
-0.194     -0.109
0.337     0.289
0.208     -0.159
-0.015     0.708
-0.531     -0.490
0.621     0.267
0.096     0.179
0.248     0.250
0.554     0.450
0.027     -0.551
0.292     0.103
-0.222     -0.364
0.153     0.420
-0.214     -0.255
0.445     0.440
0.028     -0.320
0.494     0.277
0.040     -0.060
0.417     0.102
0.225     0.307
0.012     -0.408
0.437     0.315
-0.675     -0.224
-0.301     -0.181
-0.830     0.036
-0.310     -0.236
0.474     0.494
-0.097     0.039
0.202     0.107
-0.262     -0.175
0.209     0.035
-0.058     -0.130
0.120     0.688
-0.024     0.293
0.253     -0.155
0.354     0.583
0.669     0.488
0.372     0.466
0.219     -0.014
-0.400     0.186
0.209     -0.014
0.481     0.727
0.445     0.520
0.192     0.577
0.114     0.400
0.247     0.695
0.623     0.799
0.288     0.337
0.549     0.730
-0.232     0.640
-0.114     -0.611
0.281     0.513
0.113     -0.079
-0.043     0.224
0.276     0.267
-0.217     0.190
0.557     0.621
-0.175     0.031
-0.618     -0.726
-0.375     -0.040
-0.080     0.668
-0.040     -0.483
0.377     0.429
0.474     0.776
-0.435     0.458
0.212     0.157
0.027     -0.045
0.209     0.212
-0.169     -0.606
0.137     0.686
0.228     0.136
0.139     -0.199
-0.295     -0.123
-0.050     0.542
0.282     0.643
-0.069     0.500
-0.264     -0.192
0.577     0.492
0.320     -0.231
0.412     0.241
0.005     -0.325
0.240     0.278
0.364     0.846
0.100     0.127
0.228     0.160
0.202     0.358
0.101     0.766
0.076     0.187
-0.031     -0.313
-0.124     0.729
0.110     0.194
0.447     0.668
-0.027     0.295
0.064     0.287
0.180     -0.039
0.286     0.292
0.358     0.364
0.278     0.253
0.221     0.460
0.087     -0.006
-0.010     0.158
-0.093     -0.625
-0.061     0.254
0.456     0.537
0.175     0.330
-0.435     0.563
-0.496     0.414
-0.130     -0.514
-0.759     0.595
-0.209     -0.136
-0.082     -0.007
0.366     0.830
-0.176     -0.314
-0.251     0.117
0.581     0.822
0.029     0.072
0.414     0.484
-0.045     -0.335
0.075     0.008
0.082     0.547
0.612     0.777
0.775     0.506
0.818     0.813
0.192     0.231
0.304     0.122
-0.001     -0.190
-0.309     -0.351
-0.116     -0.479
-0.056     0.115
-0.341     0.648
-0.241     0.692
0.387     0.211
0.135     -0.294
0.310     0.355
0.348     -0.174
-0.319     -0.517
-0.422     -0.034
0.011     0.811
0.277     0.244
-0.341     -0.542
0.033     0.143
-0.153     -0.049
-0.415     -0.140
0.199     0.059
0.004     0.504
0.103     0.306
-0.125     0.030
-0.149     -0.029
-0.035     0.100
0.028     -0.016
0.284     0.115
0.212     0.464
0.461     0.597
0.364     0.210
0.005     -0.584
-0.340     0.070
0.304     -0.057
-0.055     0.174
0.189     0.350
-0.223     -0.056
-0.014     -0.378
0.016     -0.376
0.482     0.185
0.319     0.346
0.409     0.030
0.310     0.313
-0.077     0.327
-0.225     -0.460
0.127     -0.160
0.412     0.355
0.450     0.372
0.440     0.180
0.141     0.611
-0.129     0.341
0.069     -0.311
0.247     -0.088
0.185     0.116
0.107     0.825
-0.398     -0.154
0.068     0.702
0.242     -0.221
0.607     0.616
0.068     0.052
-0.279     0.438
0.191     0.418
0.375     0.827
0.017     0.090
0.613     0.620
-0.128     0.559
0.275     -0.075
0.468     0.101
0.489     0.271
-0.306     -0.209
0.364     0.448
0.175     0.200
0.114     0.071
0.276     0.541
-0.402     -0.461
0.136     0.524
0.060     -0.172
0.023     -0.546
0.630     0.405
0.042     -0.379
0.248     0.097
0.431     0.265
-0.078     -0.097
-0.095     0.616
-0.027     -0.062
-0.097     0.004
-0.308     -0.088
0.266     0.183
0.071     -0.016
0.199     0.093
-0.281     -0.046
-0.307     -0.270
0.441     0.586
-0.212     -0.315
0.540     0.451
0.248     0.141
0.060     -0.032
-0.364     -0.291
0.033     0.080
0.071     -0.250
0.090     -0.071
-0.211     -0.030
0.460     0.694
0.114     0.644
-0.036     -0.340
-0.154     0.189
0.713     0.813
0.211     -0.278
-0.076     -0.003
0.034     0.741
-0.143     0.223
0.442     0.296
0.179     0.773
0.119     0.209
0.082     -0.245
0.308     0.395
0.108     0.662
-0.257     0.171
0.640     0.788
0.175     0.148
0.240     0.547
-0.184     0.088
0.119     -0.229
0.333     0.147
-0.267     0.341
0.376     0.642
0.252     -0.061
0.195     0.262
0.605     0.616
0.081     -0.198
0.389     0.285
-0.511     0.781
0.066     -0.463
0.310     0.334
0.179     0.010
-0.072     0.377
0.214     0.081
0.265     0.245
-0.244     -0.691
0.102     0.302
0.119     0.554
0.064     0.189
-0.013     -0.425
0.624     0.691
0.120     0.088
0.047     0.468
-0.469     0.135
0.017     -0.088
0.428     0.527
0.120     0.049
0.441     0.720
-0.133     -0.598
0.054     -0.328
-0.036     0.640
0.496     0.566
0.062     -0.361
-0.266     0.668
-0.257     -0.422
-0.191     -0.060
0.405     0.730
-0.371     -0.667
0.004     0.422
0.068     -0.489
0.216     0.417
0.234     -0.265
-0.010     -0.132
-0.127     -0.643
0.339     0.272
-0.360     0.228
0.059     -0.009
-0.178     -0.186
-0.046     -0.382
0.260     0.537
0.368     0.808
0.612     0.714
-0.044     -0.534
-0.383     -0.340
0.202     0.341
0.165     0.177
0.056     -0.298
0.171     0.275
-0.146     0.056
-0.357     0.231
0.006     0.026
-0.248     -0.034
-0.275     -0.547
-0.145     0.258
-0.535     0.246
-0.261     -0.256
-0.042     -0.358
0.241     0.202
0.029     -0.497
0.099     0.123
0.229     -0.390
-0.014     0.271
0.491     0.327
0.231     0.302
0.186     0.322
0.114     -0.065
-0.011     -0.161
-0.424     0.478
0.192     0.152
-0.287     -0.151
-0.136     -0.374
-0.084     -0.153
0.758     0.138
0.380     0.830
0.554     0.440
0.315     -0.008
0.739     0.591
0.216     -0.015
-0.172     -0.600
-0.196     0.252
-0.147     0.356
0.128     -0.169
0.462     0.554
0.069     0.158
0.212     0.284
0.209     0.790
0.048     -0.522
0.402     0.655
-0.143     -0.585
0.224     0.597
0.195     0.042
0.517     0.278
0.075     0.789
0.184     0.218
0.482     0.251
0.645     0.457
0.225     -0.098
0.154     0.031
-0.116     -0.062
0.580     0.647
-0.353     -0.634
0.190     -0.070
0.631     0.748
0.033     0.805
-0.107     0.606
0.181     0.325
0.011     -0.472
0.284     0.598
0.290     0.814
-0.108     -0.305
-0.188     0.677
0.066     0.123
0.828     0.616
0.285     0.018
-0.284     0.687
-0.007     -0.005
-0.161     0.135
0.177     0.605
-0.283     -0.087
-0.302     0.025
-0.516     0.160
0.256     0.083
-0.141     0.039
-0.113     -0.194
-0.107     -0.587
-0.131     -0.168
0.604     0.546
0.029     0.224
0.046     -0.160
0.228     0.378
0.516     0.105
-0.051     -0.100
0.553     0.520
0.003     0.419
0.311     0.270
0.242     0.164
0.181     0.298
0.463     0.622
-0.111     -0.650
0.049     0.290
0.479     0.268
-0.244     -0.012
-0.453     0.078
0.051     0.881
0.180     0.493
0.312     0.613
0.051     -0.425
0.054     -0.110
0.213     0.361
0.434     0.673
-0.118     0.220
0.058     0.181
-0.449     -0.151
0.128     0.473
0.350     0.504
-0.160     0.307
-0.158     -0.226
-0.079     0.533
0.364     0.112
