0.033     -0.127      2.17101e-06
-0.027     -0.019     2.17101e-06
-0.256     -0.635     2.17101e-06
0.177     0.024	      2.17101e-06
0.217     0.234	      2.17101e-06
0.018     -0.224      2.17101e-06
0.349     0.515	      2.17101e-06
0.310     0.239	      2.17101e-06
-0.441     -0.294     2.17101e-06
-0.060     -0.515     2.17101e-06
0.051     -0.320      2.17101e-06
-0.123     -0.348     2.17101e-06
0.241     -0.324      2.17101e-06
0.023     -0.211      2.17101e-06
0.160     -0.242      2.17101e-06
0.218     0.039	      2.17101e-06
-0.101     -0.468     2.17101e-06
0.108     -0.264      2.17101e-06
0.425     0.637	      2.17101e-06
0.200     -0.023      2.17101e-06
0.189     -0.427      2.17101e-06
0.247     -0.324      2.17101e-06
-0.116     -0.223     2.17101e-06
-0.122     0.069      2.17101e-06
0.115     0.085	      2.17101e-06
-0.648     0.235      2.17101e-06
0.098     -0.302      2.17101e-06
0.148     -0.135      2.17101e-06
-0.061     -0.437     2.17101e-06
-0.202     0.048      2.17101e-06
-0.267     0.609      2.17101e-06
0.541     0.552	      2.17101e-06
0.154     0.313	      2.17101e-06
-0.050     -0.523     2.17101e-06
0.320     0.478	      2.17101e-06
-0.276     0.039      2.17101e-06
-0.269     -0.506     2.17101e-06
-0.074     -0.148     2.17101e-06
0.596     0.486	      2.17101e-06
0.720     0.735	      2.17101e-06
0.214     -0.127      2.17101e-06
0.555     0.448	      2.17101e-06
0.407     0.376	      2.17101e-06
-0.005     -0.609     2.17101e-06
-0.039     -0.287     2.17101e-06
0.102     -0.254      2.17101e-06
-0.177     -0.630     2.17101e-06
0.229     -0.038      2.17101e-06
-0.640     -0.600     2.17101e-06
-0.208     -0.382     2.17101e-06
-0.025     0.217      2.17101e-06
-0.232     0.685      2.17101e-06
0.488     0.205	      2.17101e-06
0.086     -0.123      2.17101e-06
0.180     0.520	      2.17101e-06
-0.326     -0.362     2.17101e-06
0.105     0.043	      2.17101e-06
-0.060     -0.136     2.17101e-06
0.003     -0.557      2.17101e-06
0.571     -0.039      2.17101e-06
-0.055     0.076      2.17101e-06
0.336     0.376	      2.17101e-06
0.302     0.058	      2.17101e-06
-0.089     0.095      2.17101e-06
-0.130     -0.505     2.17101e-06
0.203     0.121	      2.17101e-06
0.062     -0.305      2.17101e-06
0.022     0.505	      2.17101e-06
-0.014     -0.648     2.17101e-06
-0.022     -0.320     2.17101e-06
-0.074     -0.489     2.17101e-06
0.515     0.488	      2.17101e-06
0.034     0.158	      2.17101e-06
0.028     0.104	      2.17101e-06
0.439     0.538	      2.17101e-06
0.224     -0.088      2.17101e-06
0.405     0.238	      2.17101e-06
0.354     0.025	      2.17101e-06
0.153     0.174	      2.17101e-06
-0.159     -0.289     2.17101e-06
0.410     0.723	      2.17101e-06
-0.370     -0.006     2.17101e-06
-0.368     -0.233     2.17101e-06
-0.005     -0.323     2.17101e-06
-0.233     -0.322     2.17101e-06
0.055     -0.382      2.17101e-06
0.559     0.285	      2.17101e-06
-0.030     -0.468     2.17101e-06
-0.406     0.201      2.17101e-06
-0.264     0.406      2.17101e-06
-0.473     0.123      2.17101e-06
0.021     0.420	      2.17101e-06
0.638     0.442	      2.17101e-06
0.071     -0.160      2.17101e-06
0.347     0.092	      2.17101e-06
0.456     0.395	      2.17101e-06
0.381     -0.231      2.17101e-06
0.702     0.432	      2.17101e-06
-0.160     -0.512     2.17101e-06
-0.291     0.236      2.17101e-06
0.408     0.187	      2.17101e-06
0.452     0.406	      2.17101e-06
0.262     0.536	      2.17101e-06
-0.134     -0.564     2.17101e-06
-0.353     0.567      2.17101e-06
0.048     -0.306      2.17101e-06
0.467     0.717	      2.17101e-06
-0.225     -0.653     2.17101e-06
0.270     0.565	      2.17101e-06
0.212     -0.145      2.17101e-06
0.056     0.243	      2.17101e-06
0.412     -0.075      2.17101e-06
0.382     0.101	      2.17101e-06
0.067     0.600	      2.17101e-06
0.045     -0.443      2.17101e-06
0.364     0.612	      2.17101e-06
-0.298     -0.648     2.17101e-06
0.335     0.340	      2.17101e-06
-0.224     -0.512     2.17101e-06
-0.489     0.636      2.17101e-06
0.568     0.636	      2.17101e-06
-0.020     0.672      2.17101e-06
0.063     -0.036      2.17101e-06
-0.318     -0.419     2.17101e-06
-0.352     -0.462     2.17101e-06
-0.564     0.411      2.17101e-06
0.074     -0.482      2.17101e-06
0.016     -0.040      2.17101e-06
-0.118     -0.266     2.17101e-06
0.294     0.677	      2.17101e-06
0.169     0.091	      2.17101e-06
-0.097     -0.174     2.17101e-06
0.066     -0.025      2.17101e-06
-0.089     -0.233     2.17101e-06
0.240     0.133	      2.17101e-06
0.289     0.152	      2.17101e-06
0.319     0.117	      2.17101e-06
-0.284     -0.464     2.17101e-06
-0.126     -0.640     2.17101e-06
0.025     0.483	      2.17101e-06
-0.012     -0.626     2.17101e-06
-0.196     -0.660     2.17101e-06
0.188     0.515	      2.17101e-06
-0.490     -0.779     2.17101e-06
0.258     0.235	      2.17101e-06
0.239     0.210	      2.17101e-06
-0.021     -0.139     2.17101e-06
0.202     -0.339      2.17101e-06
0.182     -0.235      2.17101e-06
0.018     -0.108      2.17101e-06
0.249     0.074	      2.17101e-06
-0.082     -0.244     2.17101e-06
0.139     -0.152      2.17101e-06
0.490     0.468	      2.17101e-06
0.067     -0.042      2.17101e-06
0.196     0.069	      2.17101e-06
0.373     0.027	      2.17101e-06
0.071     0.294	      2.17101e-06
0.312     0.149	      2.17101e-06
-0.312     -0.576     2.17101e-06
0.232     -0.153      2.17101e-06
-0.199     -0.328     2.17101e-06
-0.041     -0.169     2.17101e-06
0.336     0.115	      2.17101e-06
-0.188     -0.080     2.17101e-06
0.000     -0.298      2.17101e-06
-0.011     -0.342     2.17101e-06
-0.038     0.378      2.17101e-06
0.043     0.054	      2.17101e-06
-0.294     -0.305     2.17101e-06
0.240     -0.289      2.17101e-06
0.355     0.438	      2.17101e-06
0.078     -0.144      2.17101e-06
0.336     0.059	      2.17101e-06
-0.079     -0.124     2.17101e-06
-0.298     0.340      2.17101e-06
0.136     -0.531      2.17101e-06
-0.134     -0.356     2.17101e-06
0.041     -0.142      2.17101e-06
0.139     0.038	      2.17101e-06
0.236     0.220	      2.17101e-06
0.191     0.178	      2.17101e-06
-0.169     -0.422     2.17101e-06
0.046     0.251	      2.17101e-06
0.151     0.158	      2.17101e-06
-0.055     -0.412     2.17101e-06
0.050     -0.130      2.17101e-06
-0.225     -0.566     2.17101e-06
0.494     0.575	      2.17101e-06
0.188     0.034	      2.17101e-06
0.432     0.284	      2.17101e-06
0.445     0.224	      2.17101e-06
-0.032     -0.373     2.17101e-06
0.039     -0.453      2.17101e-06
-0.504     -0.663     2.17101e-06
-0.184     -0.233     2.17101e-06
0.449     0.536	      2.17101e-06
-0.501     -0.681     2.17101e-06
-0.047     0.402      2.17101e-06
0.126     -0.520      2.17101e-06
0.168     0.068	      2.17101e-06
-0.097     0.168      2.17101e-06
-0.335     -0.133     2.17101e-06
-0.112     0.037      2.17101e-06
0.042     0.044	      2.17101e-06
0.188     0.070	      2.17101e-06
-0.061     -0.449     2.17101e-06
-0.022     -0.088     2.17101e-06
0.394     -0.036      2.17101e-06
-0.280     -0.167     2.17101e-06
0.188     -0.025      2.17101e-06
0.210     -0.040      2.17101e-06
0.198     0.032	      2.17101e-06
0.202     -0.265      2.17101e-06
0.237     -0.289      2.17101e-06
0.378     -0.194      2.17101e-06
-0.091     -0.228     2.17101e-06
-0.259     -0.092     2.17101e-06
0.015     -0.132      2.17101e-06
0.032     0.348	      2.17101e-06
-0.059     -0.472     2.17101e-06
0.029     -0.525      2.17101e-06
-0.140     -0.011     2.17101e-06
-0.018     -0.358     2.17101e-06
0.231     0.237	      2.17101e-06
0.104     0.389	      2.17101e-06
0.219     -0.172      2.17101e-06
-0.261     -0.466     2.17101e-06
0.099     0.412	      2.17101e-06
0.248     -0.055      2.17101e-06
-0.238     -0.067     2.17101e-06
0.689     0.480	      2.17101e-06
-0.042     -0.328     2.17101e-06
-0.051     0.498      2.17101e-06
0.308     0.250	      2.17101e-06
-0.083     0.136      2.17101e-06
-0.322     0.223      2.17101e-06
-0.036     0.443      2.17101e-06
-0.030     0.513      2.17101e-06
0.014     0.291	      2.17101e-06
0.200     -0.233      2.17101e-06
0.217     -0.310      2.17101e-06
0.074     -0.556      2.17101e-06
0.268     -0.073      2.17101e-06
0.060     0.127	      2.17101e-06
0.138     -0.421      2.17101e-06
0.008     -0.286      2.17101e-06
0.583     0.365	      2.17101e-06
0.005     -0.286      2.17101e-06
-0.090     0.735      2.17101e-06
0.233     -0.179      2.17101e-06
0.323     0.161	      2.17101e-06
-0.277     0.453      2.17101e-06
0.228     -0.043      2.17101e-06
-0.365     -0.836     2.17101e-06
-0.122     -0.439     2.17101e-06
0.108     -0.088      2.17101e-06
0.345     0.330	      2.17101e-06
0.151     0.093	      2.17101e-06
-0.414     0.700      2.17101e-06
0.285     -0.089      2.17101e-06
-0.729     0.400      2.17101e-06
0.092     -0.001      2.17101e-06
0.384     0.362	      2.17101e-06
-0.092     -0.416     2.17101e-06
0.310     0.077	      2.17101e-06
0.286     0.197	      2.17101e-06
-0.130     -0.407     2.17101e-06
-0.111     -0.367     2.17101e-06
0.159     -0.388      2.17101e-06
0.288     0.480	      2.17101e-06
0.679     0.518	      2.17101e-06
-0.472     -0.324     2.17101e-06
-0.378     0.468      2.17101e-06
0.314     0.536	      2.17101e-06
-0.240     -0.351     2.17101e-06
0.324     0.006	      2.17101e-06
-0.292     0.246      2.17101e-06
0.294     0.032	      2.17101e-06
0.104     -0.385      2.17101e-06
0.363     -0.035      2.17101e-06
0.106     -0.313      2.17101e-06
0.099     0.328	      2.17101e-06
-0.332     -0.226     2.17101e-06
-0.280     0.700      2.17101e-06
0.321     -0.158      2.17101e-06
-0.311     -0.654     2.17101e-06
-0.025     0.385      2.17101e-06
-0.068     0.326      2.17101e-06
0.469     0.114	      2.17101e-06
-0.094     -0.688     2.17101e-06
-0.351     -0.072     2.17101e-06
-0.012     -0.624     2.17101e-06
-0.167     0.024      2.17101e-06
-0.200     -0.358     2.17101e-06
0.031     -0.252      2.17101e-06
-0.095     -0.303     2.17101e-06
0.252     -0.359      2.17101e-06
0.156     0.674	      2.17101e-06
-0.307     -0.515     2.17101e-06
0.279     0.763	      2.17101e-06
-0.516     -0.453     2.17101e-06
-0.058     0.547      2.17101e-06
0.554     0.581	      2.17101e-06
0.106     -0.379      2.17101e-06
-0.021     -0.332     2.17101e-06
0.111     0.180	      2.17101e-06
-0.112     -0.562     2.17101e-06
-0.215     -0.373     2.17101e-06
0.136     -0.072      2.17101e-06
-0.144     -0.157     2.17101e-06
0.137     -0.108      2.17101e-06
0.456     0.333	      2.17101e-06
-0.108     -0.377     2.17101e-06
-0.639     0.526      2.17101e-06
-0.012     -0.225     2.17101e-06
-0.244     -0.623     2.17101e-06
0.461     0.467	      2.17101e-06
0.087     0.377	      2.17101e-06
-0.314     -0.610     2.17101e-06
-0.177     -0.325     2.17101e-06
0.314     -0.029      2.17101e-06
0.036     0.307	      2.17101e-06
-0.052     0.169      2.17101e-06
0.271     0.110	      2.17101e-06
0.560     0.445	      2.17101e-06
-0.017     -0.487     2.17101e-06
0.113     -0.057      2.17101e-06
0.064     -0.174      2.17101e-06
0.067     -0.441      2.17101e-06
-0.153     0.189      2.17101e-06
0.130     -0.030      2.17101e-06
0.064     0.589	      2.17101e-06
-0.090     0.141      2.17101e-06
-0.051     -0.283     2.17101e-06
-0.419     -0.623     2.17101e-06
0.187     -0.247      2.17101e-06
-0.137     0.344      2.17101e-06
0.265     -0.117      2.17101e-06
0.106     -0.156      2.17101e-06
0.026     -0.008      2.17101e-06
0.271     0.398	      2.17101e-06
-0.470     -0.620     2.17101e-06
0.169     -0.248      2.17101e-06
0.122     -0.343      2.17101e-06
-0.211     -0.039     2.17101e-06
0.356     -0.107      2.17101e-06
0.094     0.342	      2.17101e-06
0.069     -0.325      2.17101e-06
-0.353     -0.690     2.17101e-06
-0.235     -0.397     2.17101e-06
-0.217     -0.096     2.17101e-06
-0.048     -0.439     2.17101e-06
-0.069     -0.208     2.17101e-06
0.143     -0.106      2.17101e-06
-0.205     0.748      2.17101e-06
-0.306     -0.194     2.17101e-06
-0.101     -0.302     2.17101e-06
-0.025     0.145      2.17101e-06
0.093     0.060	      2.17101e-06
0.112     -0.002      2.17101e-06
-0.354     -0.639     2.17101e-06
-0.157     -0.625     2.17101e-06
0.045     -0.129      2.17101e-06
-0.041     0.035      2.17101e-06
-0.576     0.200      2.17101e-06
0.125     -0.165      2.17101e-06
0.115     0.022	      2.17101e-06
-0.224     -0.451     2.17101e-06
0.262     0.569	      2.17101e-06
0.464     -0.060      2.17101e-06
-0.041     -0.744     2.17101e-06
0.485     0.327	      2.17101e-06
0.285     -0.275      2.17101e-06
-0.464     0.123      2.17101e-06
0.451     0.656	      2.17101e-06
-0.142     -0.113     2.17101e-06
0.735     0.621	      2.17101e-06
0.418     0.340	      2.17101e-06
-0.056     0.019      2.17101e-06
-0.628     -0.647     2.17101e-06
0.242     -0.222      2.17101e-06
-0.100     -0.440     2.17101e-06
-0.252     0.364      2.17101e-06
-0.215     -0.043     2.17101e-06
0.231     -0.214      2.17101e-06
0.223     0.044	      2.17101e-06
0.410     0.297	      2.17101e-06
0.060     -0.109      2.17101e-06
0.560     0.256	      2.17101e-06
0.607     0.438	      2.17101e-06
-0.543     -0.849     2.17101e-06
-0.333     -0.712     2.17101e-06
-0.021     -0.024     2.17101e-06
-0.269     -0.491     2.17101e-06
0.200     0.094	      2.17101e-06
-0.006     -0.418     2.17101e-06
0.106     -0.245      2.17101e-06
0.201     0.387	      2.17101e-06
0.157     -0.441      2.17101e-06
0.028     0.275	      2.17101e-06
-0.759     -0.666     2.17101e-06
0.242     0.197	      2.17101e-06
0.058     0.045	      2.17101e-06
-0.295     -0.423     2.17101e-06
-0.157     -0.553     2.17101e-06
0.585     0.855	      2.17101e-06
-0.197     -0.666     2.17101e-06
-0.150     -0.304     2.17101e-06
0.405     0.228	      2.17101e-06
0.125     -0.056      2.17101e-06
0.030     -0.274      2.17101e-06
0.036     0.003	      2.17101e-06
-0.060     -0.282     2.17101e-06
-0.333     -0.203     2.17101e-06
-0.161     0.162      2.17101e-06
-0.631     0.365      2.17101e-06
-0.079     -0.196     2.17101e-06
0.150     0.053	      2.17101e-06
0.104     -0.324      2.17101e-06
0.207     0.039	      2.17101e-06
0.100     -0.113      2.17101e-06
-0.061     -0.564     2.17101e-06
0.213     0.001	      2.17101e-06
0.343     -0.078      2.17101e-06
0.627     0.569	      2.17101e-06
-0.220     -0.553     2.17101e-06
-0.144     0.346      2.17101e-06
0.712     0.376	      2.17101e-06
-0.152     0.420      2.17101e-06
0.273     0.144	      2.17101e-06
-0.118     0.393      2.17101e-06
-0.358     -0.484     2.17101e-06
0.070     -0.107      2.17101e-06
-0.164     -0.782     2.17101e-06
-0.060     -0.348     2.17101e-06
-0.289     -0.578     2.17101e-06
0.169     -0.377      2.17101e-06
-0.329     -0.024     2.17101e-06
0.255     0.145	      2.17101e-06
-0.038     -0.349     2.17101e-06
0.366     0.006	      2.17101e-06
0.038     -0.657      2.17101e-06
-0.158     -0.311     2.17101e-06
-0.489     -0.820     2.17101e-06
0.188     -0.343      2.17101e-06
0.096     -0.171      2.17101e-06
-0.019     -0.304     2.17101e-06
0.262     0.265	      2.17101e-06
-0.154     -0.596     2.17101e-06
0.248     0.171	      2.17101e-06
0.181     0.158	      2.17101e-06
-0.157     0.385      2.17101e-06
0.167     0.169	      2.17101e-06
0.092     -0.156      2.17101e-06
0.018     -0.041      2.17101e-06
0.048     -0.383      2.17101e-06
-0.305     0.394      2.17101e-06
0.246     0.450	      2.17101e-06
0.113     -0.505      2.17101e-06
0.016     -0.621      2.17101e-06
0.214     0.042	      2.17101e-06
0.113     -0.345      2.17101e-06
0.395     0.490	      2.17101e-06
0.403     0.277	      2.17101e-06
-0.178     -0.437     2.17101e-06
-0.015     -0.560     2.17101e-06
0.295     0.229	      2.17101e-06
-0.116     0.120      2.17101e-06
-0.071     0.274      2.17101e-06
0.118     0.521	      2.17101e-06
0.175     0.384	      2.17101e-06
0.101     0.031	      2.17101e-06
-0.405     -0.386     2.17101e-06
0.375     0.073	      2.17101e-06
-0.475     -0.522     2.17101e-06
0.311     0.268	      2.17101e-06
0.087     -0.213      2.17101e-06
-0.368     -0.394     2.17101e-06
-0.417     -0.750     2.17101e-06
0.075     -0.297      2.17101e-06
-0.092     -0.263     2.17101e-06
0.066     -0.121      2.17101e-06
0.024     -0.515      2.17101e-06
-0.075     -0.302     2.17101e-06
-0.452     -0.039     2.17101e-06
-0.176     -0.415     2.17101e-06
0.088     -0.255      2.17101e-06
0.118     0.246	      2.17101e-06
-0.514     0.454      2.17101e-06
-0.168     0.415      2.17101e-06
0.073     -0.289      2.17101e-06
0.122     0.126	      2.17101e-06
0.263     0.432	      2.17101e-06
-0.174     -0.094     2.17101e-06
-0.146     0.471      2.17101e-06
0.237     -0.109      2.17101e-06
0.223     0.496	      2.17101e-06
-0.101     -0.400     2.17101e-06
-0.119     -0.440     2.17101e-06
-0.575     -0.086     2.17101e-06
0.409     0.647	      2.17101e-06
-0.006     -0.059     2.17101e-06
0.061     -0.132      2.17101e-06
0.160     0.455	      2.17101e-06
-0.116     -0.477     2.17101e-06
-0.335     -0.704     2.17101e-06
-0.068     0.218      2.17101e-06
-0.061     -0.210     2.17101e-06
0.450     0.048	      2.17101e-06
-0.112     -0.594     2.17101e-06
0.028     0.178	      2.17101e-06
0.047     -0.608      2.17101e-06
0.231     -0.327      2.17101e-06
0.181     -0.017      2.17101e-06
-0.067     -0.318     2.17101e-06
0.005     -0.446      2.17101e-06
0.019     -0.473      2.17101e-06
0.482     0.468	      2.17101e-06
0.088     0.555	      2.17101e-06
0.693     0.587	      2.17101e-06
0.002     0.528	      2.17101e-06
0.413     0.119	      2.17101e-06
0.359     0.322	      2.17101e-06
-0.339     -0.255     2.17101e-06
-0.306     -0.317     2.17101e-06
-0.226     -0.007     2.17101e-06
-0.690     -0.019     2.17101e-06
-0.225     0.509      2.17101e-06
0.205     -0.245      2.17101e-06
0.271     0.415	      2.17101e-06
0.388     0.459	      2.17101e-06
-0.545     -0.294     2.17101e-06
0.160     -0.226      2.17101e-06
0.230     0.040	      2.17101e-06
0.112     -0.256      2.17101e-06
0.346     0.413	      2.17101e-06
-0.438     -0.421     2.17101e-06
0.482     0.399	      2.17101e-06
0.173     0.152	      2.17101e-06
0.396     0.237	      2.17101e-06
-0.316     -0.364     2.17101e-06
0.006     -0.380      2.17101e-06
-0.326     -0.651     2.17101e-06
0.075     -0.530      2.17101e-06
0.108     -0.289      2.17101e-06
0.270     0.355	      2.17101e-06
0.094     0.343	      2.17101e-06
-0.140     0.390      2.17101e-06
0.066     0.158	      2.17101e-06
-0.121     -0.086     2.17101e-06
0.299     -0.041      2.17101e-06
0.247     0.132	      2.17101e-06
-0.046     -0.166     2.17101e-06
0.110     -0.127      2.17101e-06
-0.109     0.017      2.17101e-06
-0.420     0.374      2.17101e-06
0.080     -0.272      2.17101e-06
-0.036     0.488      2.17101e-06
-0.235     0.302      2.17101e-06
-0.526     -0.095     2.17101e-06
-0.418     -0.350     2.17101e-06
0.189     0.230	      2.17101e-06
-0.029     -0.185     2.17101e-06
-0.204     0.771      2.17101e-06
-0.107     -0.209     2.17101e-06
-0.231     -0.551     2.17101e-06
0.049     -0.637      2.17101e-06
0.129     -0.039      2.17101e-06
-0.241     0.566      2.17101e-06
0.371     0.409	      2.17101e-06
0.390     -0.238      2.17101e-06
0.010     0.044	      2.17101e-06
-0.279     0.162      2.17101e-06
0.511     0.180	      2.17101e-06
-0.350     0.516      2.17101e-06
0.408     0.008	      2.17101e-06
0.001     -0.367      2.17101e-06
0.096     0.299	      2.17101e-06
-0.335     0.334      2.17101e-06
0.497     0.234	      2.17101e-06
-0.138     -0.595     2.17101e-06
0.434     0.484	      2.17101e-06
0.094     -0.149      2.17101e-06
0.427     0.466	      2.17101e-06
0.152     -0.312      2.17101e-06
0.048     -0.194      2.17101e-06
-0.081     -0.310     2.17101e-06
0.182     -0.051      2.17101e-06
0.147     0.657	      2.17101e-06
0.479     0.221	      2.17101e-06
0.040     0.048	      2.17101e-06
0.143     -0.097      2.17101e-06
-0.159     -0.389     2.17101e-06
0.149     -0.235      2.17101e-06
-0.216     0.469      2.17101e-06
0.069     -0.357      2.17101e-06
-0.223     -0.608     2.17101e-06
-0.342     -0.449     2.17101e-06
0.256     -0.138      2.17101e-06
0.110     -0.192      2.17101e-06
-0.018     0.101      2.17101e-06
0.392     0.313	      2.17101e-06
-0.057     -0.626     2.17101e-06
0.011     0.153	      2.17101e-06
-0.036     -0.480     2.17101e-06
0.390     0.388	      2.17101e-06
0.054     -0.364      2.17101e-06
0.158     0.479	      2.17101e-06
0.031     -0.176      2.17101e-06
-0.613     -0.036     2.17101e-06
-0.076     0.008      2.17101e-06
0.282     -0.022      2.17101e-06
-0.160     -0.290     2.17101e-06
-0.004     -0.437     2.17101e-06
-0.360     -0.273     2.17101e-06
0.032     -0.088      2.17101e-06
-0.315     -0.708     2.17101e-06
-0.075     -0.348     2.17101e-06
0.053     0.182	      2.17101e-06
0.074     0.652	      2.17101e-06
-0.153     -0.388     2.17101e-06
-0.007     -0.339     2.17101e-06
-0.094     0.291      2.17101e-06
0.063     -0.403      2.17101e-06
0.351     0.026	      2.17101e-06
0.265     0.054	      2.17101e-06
0.097     -0.391      2.17101e-06
-0.238     -0.446     2.17101e-06
-0.159     -0.508     2.17101e-06
-0.149     -0.228     2.17101e-06
-0.150     -0.628     2.17101e-06
0.034     0.371	      2.17101e-06
0.101     -0.398      2.17101e-06
0.032     -0.290      2.17101e-06
-0.133     -0.198     2.17101e-06
0.332     0.264	      2.17101e-06
-0.590     -0.177     2.17101e-06
0.222     -0.239      2.17101e-06
-0.111     0.132      2.17101e-06
0.337     0.624	      2.17101e-06
-0.007     -0.347     2.17101e-06
-0.581     -0.193     2.17101e-06
-0.075     -0.320     2.17101e-06
0.154     -0.282      2.17101e-06
0.157     -0.241      2.17101e-06
0.285     0.092	      2.17101e-06
-0.109     -0.370     2.17101e-06
0.060     -0.023      2.17101e-06
0.325     0.586	      2.17101e-06
0.216     0.159	      2.17101e-06
0.398     0.125	      2.17101e-06
-0.224     0.051      2.17101e-06
0.095     0.378	      2.17101e-06
0.020     -0.259      2.17101e-06
0.341     0.223	      2.17101e-06
0.072     -0.307      2.17101e-06
0.394     -0.063      2.17101e-06
0.433     0.507	      2.17101e-06
0.030     0.009	      2.17101e-06
-0.219     -0.005     2.17101e-06
0.591     0.615	      2.17101e-06
-0.008     -0.221     2.17101e-06
0.055     0.170	      2.17101e-06
-0.036     -0.537     2.17101e-06
0.125     -0.022      2.17101e-06
-0.420     -0.339     2.17101e-06
-0.078     0.503      2.17101e-06
-0.430     -0.754     2.17101e-06
-0.192     -0.278     2.17101e-06
0.356     0.289	      2.17101e-06
0.083     0.070	      2.17101e-06
-0.027     -0.047     2.17101e-06
-0.498     -0.749     2.17101e-06
0.597     0.115	      2.17101e-06
-0.048     -0.546     2.17101e-06
0.360     0.359	      2.17101e-06
0.109     -0.053      2.17101e-06
0.148     -0.466      2.17101e-06
0.105     -0.041      2.17101e-06
0.183     -0.012      2.17101e-06
0.277     -0.028      2.17101e-06
0.051     0.100	      2.17101e-06
0.186     -0.189      2.17101e-06
-0.404     -0.200     2.17101e-06
-0.060     -0.370     2.17101e-06
-0.009     0.195      2.17101e-06
0.133     -0.105      2.17101e-06
-0.024     0.141      2.17101e-06
0.117     -0.135      2.17101e-06
0.235     -0.366      2.17101e-06
0.132     -0.556      2.17101e-06
-0.190     -0.508     2.17101e-06
0.221     -0.007      2.17101e-06
0.256     0.301	      2.17101e-06
0.506     0.315	      2.17101e-06
0.401     0.302	      2.17101e-06
0.189     -0.348      2.17101e-06
-0.219     -0.386     2.17101e-06
-0.174     -0.527     2.17101e-06
0.096     -0.175      2.17101e-06
-0.104     -0.243     2.17101e-06
0.322     0.130	      2.17101e-06
0.041     -0.391      2.17101e-06
0.495     0.086	      2.17101e-06
0.445     0.599	      2.17101e-06
0.259     -0.131      2.17101e-06
0.350     0.296	      2.17101e-06
0.269     0.168	      2.17101e-06
-0.027     0.053      2.17101e-06
0.034     -0.704      2.17101e-06
0.308     0.557	      2.17101e-06
0.023     -0.678      2.17101e-06
-0.213     -0.701     2.17101e-06
0.153     -0.167      2.17101e-06
0.255     0.362	      2.17101e-06
0.130     -0.184      2.17101e-06
0.376     0.089	      2.17101e-06
0.341     -0.183      2.17101e-06
0.049     0.709	      2.17101e-06
-0.257     -0.641     2.17101e-06
-0.276     0.592      2.17101e-06
0.236     0.749	      2.17101e-06
0.176     -0.090      2.17101e-06
0.192     -0.115      2.17101e-06
-0.198     0.645      2.17101e-06
0.157     0.245	      2.17101e-06
0.058     -0.207      2.17101e-06
-0.487     -0.319     2.17101e-06
-0.074     -0.611     2.17101e-06
0.211     -0.210      2.17101e-06
-0.342     0.225      2.17101e-06
-0.175     -0.547     2.17101e-06
-0.240     -0.030     2.17101e-06
-0.229     -0.385     2.17101e-06
-0.357     -0.255     2.17101e-06
0.200     0.547	      2.17101e-06
-0.085     -0.514     2.17101e-06
-0.083     -0.472     2.17101e-06
0.264     -0.032      2.17101e-06
-0.010     -0.237     2.17101e-06
0.190     0.030	      2.17101e-06
-0.163     -0.322     2.17101e-06
-0.043     0.303      2.17101e-06
-0.637     -0.063     2.17101e-06
0.144     0.134	      2.17101e-06
0.375     0.346	      2.17101e-06
0.127     -0.301      2.17101e-06
-0.147     0.704      2.17101e-06
0.155     -0.151      2.17101e-06
0.480     0.447	      2.17101e-06
-0.006     -0.390     2.17101e-06
0.087     -0.219      2.17101e-06
-0.192     -0.099     2.17101e-06
0.132     -0.203      2.17101e-06
0.047     -0.339      2.17101e-06
-0.094     -0.389     2.17101e-06
-0.209     -0.137     2.17101e-06
-0.523     -0.603     2.17101e-06
0.137     -0.335      2.17101e-06
0.374     0.618	      2.17101e-06
0.400     0.274	      2.17101e-06
0.088     -0.527      2.17101e-06
0.003     0.806	      2.17101e-06
0.225     -0.323      2.17101e-06
0.438     0.350	      2.17101e-06
-0.030     -0.256     2.17101e-06
-0.348     0.161      2.17101e-06
-0.515     -0.701     2.17101e-06
-0.273     0.427      2.17101e-06
-0.126     0.173      2.17101e-06
-0.107     -0.519     2.17101e-06
-0.034     -0.448     2.17101e-06
-0.088     -0.603     2.17101e-06
0.448     0.166	      2.17101e-06
-0.346     -0.296     2.17101e-06
-0.067     0.326      2.17101e-06
0.213     -0.049      2.17101e-06
-0.154     0.640      2.17101e-06
0.561     0.687	      2.17101e-06
-0.502     0.018      2.17101e-06
0.342     -0.154      2.17101e-06
0.275     0.024	      2.17101e-06
0.399     0.124	      2.17101e-06
-0.397     0.243      2.17101e-06
-0.447     -0.577     2.17101e-06
0.023     -0.549      2.17101e-06
-0.349     -0.076     2.17101e-06
0.511     0.452	      2.17101e-06
-0.039     -0.167     2.17101e-06
0.281     0.499	      2.17101e-06
0.009     0.360	      2.17101e-06
-0.290     0.593      2.17101e-06
0.052     -0.275      2.17101e-06
-0.017     -0.454     2.17101e-06
-0.221     -0.658     2.17101e-06
0.357     0.383	      2.17101e-06
-0.147     -0.538     2.17101e-06
0.031     -0.018      2.17101e-06
0.407     0.171	      2.17101e-06
0.119     -0.185      2.17101e-06
0.744     0.585	      2.17101e-06
-0.556     -0.164     2.17101e-06
-0.091     0.459      2.17101e-06
0.161     -0.430      2.17101e-06
-0.539     -0.146     2.17101e-06
-0.081     -0.172     2.17101e-06
0.331     0.211	      2.17101e-06
-0.183     -0.746     2.17101e-06
-0.410     -0.693     2.17101e-06
-0.096     -0.399     2.17101e-06
0.108     -0.010      2.17101e-06
0.206     -0.133      2.17101e-06
0.101     -0.024      2.17101e-06
0.685     0.848	      2.17101e-06
0.289     0.220	      2.17101e-06
-0.053     0.272      2.17101e-06
0.095     0.009	      2.17101e-06
0.321     -0.015      2.17101e-06
0.011     -0.096      2.17101e-06
0.532     0.520	      2.17101e-06
0.114     -0.121      2.17101e-06
0.013     -0.344      2.17101e-06
-0.363     -0.762     2.17101e-06
0.220     0.103	      2.17101e-06
0.013     -0.442      2.17101e-06
0.036     0.320	      2.17101e-06
-0.711     -0.233     2.17101e-06
0.076     -0.276      2.17101e-06
0.418     0.098	      2.17101e-06
0.127     0.391	      2.17101e-06
0.096     -0.072      2.17101e-06
-0.479     -0.203     2.17101e-06
-0.285     -0.096     2.17101e-06
-0.130     -0.609     2.17101e-06
0.139     -0.408      2.17101e-06
-0.070     -0.444     2.17101e-06
0.303     -0.180      2.17101e-06
0.216     -0.100      2.17101e-06
0.207     -0.058      2.17101e-06
-0.043     -0.687     2.17101e-06
-0.477     -0.561     2.17101e-06
-0.202     -0.602     2.17101e-06
0.351     0.309	      2.17101e-06
0.265     0.100	      2.17101e-06
-0.292     -0.629     2.17101e-06
0.195     -0.379      2.17101e-06
-0.337     -0.545     2.17101e-06
-0.195     -0.288     2.17101e-06
-0.109     0.141      2.17101e-06
0.390     -0.004      2.17101e-06
-0.215     -0.551     2.17101e-06
-0.426     -0.533     2.17101e-06
0.492     0.142	      2.17101e-06
0.004     -0.306      2.17101e-06
0.245     0.192	      2.17101e-06
-0.097     -0.197     2.17101e-06
0.015     -0.086      2.17101e-06
0.138     0.169	      2.17101e-06
0.111     -0.594      2.17101e-06
0.703     0.626	      2.17101e-06
-0.200     -0.166     2.17101e-06
-0.312     -0.163     2.17101e-06
-0.479     -0.323     2.17101e-06
-0.348     -0.686     2.17101e-06
0.075     -0.062      2.17101e-06
-0.116     -0.372     2.17101e-06
-0.117     -0.615     2.17101e-06
-0.118     -0.402     2.17101e-06
0.040     -0.445      2.17101e-06
0.602     0.331	      2.17101e-06
-0.142     -0.433     2.17101e-06
0.225     0.208	      2.17101e-06
-0.036     -0.097     2.17101e-06
0.066     -0.291      2.17101e-06
-0.117     0.716      2.17101e-06
-0.034     -0.623     2.17101e-06
-0.133     0.140      2.17101e-06
-0.085     -0.236     2.17101e-06
0.041     -0.056      2.17101e-06
-0.248     0.306      2.17101e-06
0.184     0.273	      2.17101e-06
-0.198     -0.564     2.17101e-06
-0.358     -0.529     2.17101e-06
-0.208     -0.249     2.17101e-06
0.147     -0.084      2.17101e-06
0.152     -0.169      2.17101e-06
-0.257     0.144      2.17101e-06
0.139     0.030	      2.17101e-06
-0.332     -0.033     2.17101e-06
-0.043     0.106      2.17101e-06
0.014     -0.317      2.17101e-06
0.020     -0.399      2.17101e-06
0.199     0.271	      2.17101e-06
0.022     0.619	      2.17101e-06
-0.059     -0.194     2.17101e-06
0.718     0.495	      2.17101e-06
-0.134     -0.427     2.17101e-06
-0.219     -0.315     2.17101e-06
-0.104     -0.199     2.17101e-06
0.563     0.621	      2.17101e-06
0.215     -0.204      2.17101e-06
-0.350     -0.508     2.17101e-06
0.003     -0.143      2.17101e-06
0.420     0.662	      2.17101e-06
-0.048     -0.238     2.17101e-06
0.074     -0.231      2.17101e-06
0.075     -0.383      2.17101e-06
-0.136     -0.157     2.17101e-06
0.073     -0.255      2.17101e-06
0.083     0.299	      2.17101e-06
-0.066     -0.542     2.17101e-06
-0.445     0.059      2.17101e-06
0.035     -0.358      2.17101e-06
0.376     0.250	      2.17101e-06
0.025     -0.328      2.17101e-06
0.392     0.543	      2.17101e-06
0.083     -0.358      2.17101e-06
0.123     -0.186      2.17101e-06
-0.297     -0.004     2.17101e-06
-0.042     -0.180     2.17101e-06
0.383     0.355	      2.17101e-06
0.552     0.383	      2.17101e-06
-0.586     0.009      2.17101e-06
0.115     -0.298      2.17101e-06
0.052     -0.376      2.17101e-06
0.161     0.272	      2.17101e-06
0.110     -0.026      2.17101e-06
-0.503     -0.714     2.17101e-06
0.176     0.357	      2.17101e-06
-0.165     -0.575     2.17101e-06
0.284     -0.268      2.17101e-06
0.157     -0.378      2.17101e-06
-0.088     0.204      2.17101e-06
0.146     -0.232      2.17101e-06
-0.039     -0.300     2.17101e-06
-0.003     -0.084     2.17101e-06
0.342     0.193	      2.17101e-06
-0.056     -0.155     2.17101e-06
0.049     -0.441      2.17101e-06
0.452     0.274	      2.17101e-06
-0.412     0.255      2.17101e-06
0.369     0.365	      2.17101e-06
-0.127     -0.491     2.17101e-06
-0.271     -0.106     2.17101e-06
-0.132     -0.041     2.17101e-06
0.130     -0.409      2.17101e-06
0.421     -0.068      2.17101e-06
-0.388     -0.457     2.17101e-06
0.318     0.435	      2.17101e-06
-0.428     -0.227     2.17101e-06
0.151     0.092	      2.17101e-06
0.263     0.310	      2.17101e-06
0.167     -0.503      2.17101e-06
0.151     0.110	      2.17101e-06
0.064     -0.417      2.17101e-06
0.257     0.042	      2.17101e-06
0.469     0.488	      2.17101e-06
0.146     -0.515      2.17101e-06
0.183     -0.165      2.17101e-06
-0.041     -0.455     2.17101e-06
0.077     -0.387      2.17101e-06
-0.386     -0.320     2.17101e-06
-0.260     -0.264     2.17101e-06
-0.138     0.052      2.17101e-06
-0.286     0.547      2.17101e-06
-0.121     -0.436     2.17101e-06
0.215     0.026	      2.17101e-06
-0.029     -0.389     2.17101e-06
0.198     -0.409      2.17101e-06
0.032     -0.184      2.17101e-06
0.127     0.089	      2.17101e-06
0.210     -0.325      2.17101e-06
0.092     0.299	      2.17101e-06
-0.037     0.624      2.17101e-06
-0.006     -0.251     2.17101e-06
0.106     -0.490      2.17101e-06
-0.265     -0.186     2.17101e-06
-0.430     -0.266     2.17101e-06
0.171     -0.134      2.17101e-06
-0.004     -0.683     2.17101e-06
0.367     0.176	      2.17101e-06
-0.008     -0.361     2.17101e-06
-0.001     -0.066     2.17101e-06
0.081     -0.199      2.17101e-06
-0.161     -0.666     2.17101e-06
0.245     -0.151      2.17101e-06
-0.123     -0.449     2.17101e-06
-0.166     -0.109     2.17101e-06
0.689     0.703	      2.17101e-06
0.204     -0.067      2.17101e-06
0.115     -0.031      2.17101e-06
0.068     0.200	      2.17101e-06
0.155     0.482	      2.17101e-06
0.138     0.260	      2.17101e-06
-0.447     -0.549     2.17101e-06
0.318     0.245	      2.17101e-06
0.095     -0.226      2.17101e-06
0.202     0.404	      2.17101e-06
0.559     0.213	      2.17101e-06
-0.357     -0.006     2.17101e-06
-0.011     0.121      2.17101e-06
-0.551     -0.506     2.17101e-06
0.248     0.008	      2.17101e-06
0.343     0.668	      2.17101e-06
-0.314     -0.578     2.17101e-06
0.588     0.643	      2.17101e-06
-0.158     0.101      2.17101e-06
0.438     0.037	      2.17101e-06
-0.206     0.027      2.17101e-06
-0.020     -0.247     2.17101e-06
-0.226     -0.359     2.17101e-06
0.269     0.060	      2.17101e-06
-0.253     -0.399     2.17101e-06
0.100     -0.190      2.17101e-06
-0.270     -0.321     2.17101e-06
0.620     0.444	      2.17101e-06
0.353     0.083	      2.17101e-06
-0.336     -0.237     2.17101e-06
-0.606     -0.646     2.17101e-06
-0.169     -0.328     2.17101e-06
-0.007     -0.359     2.17101e-06
0.420     0.070	      2.17101e-06
-0.040     0.026      2.17101e-06
0.311     -0.012      2.17101e-06
0.265     0.006	      2.17101e-06
0.262     -0.185      2.17101e-06
0.072     -0.398      2.17101e-06
-0.201     -0.093     2.17101e-06
0.053     -0.467      2.17101e-06
0.018     -0.346      2.17101e-06
0.354     0.768	      2.17101e-06
-0.275     -0.287     2.17101e-06
-0.322     0.225      2.17101e-06
-0.171     -0.386     2.17101e-06
0.058     0.295	      2.17101e-06
0.350     0.373	      2.17101e-06
0.205     -0.419      2.17101e-06
-0.014     -0.169     2.17101e-06
0.264     -0.129      2.17101e-06
0.487     0.572	      2.17101e-06
-0.253     -0.566     2.17101e-06
-0.188     -0.548     2.17101e-06
-0.144     -0.573     2.17101e-06
0.227     -0.371      2.17101e-06
-0.119     -0.494     2.17101e-06
0.025     0.207	      2.17101e-06
-0.378     -0.542     2.17101e-06
-0.414     -0.461     2.17101e-06
-0.180     0.463      2.17101e-06
0.376     0.197	      2.17101e-06
-0.050     -0.347     2.17101e-06
0.177     0.256	      2.17101e-06
0.207     0.153	      2.17101e-06
0.045     0.020	      2.17101e-06
0.012     -0.280      2.17101e-06
-0.129     -0.375     2.17101e-06
0.053     -0.442      2.17101e-06
0.165     -0.212      2.17101e-06
-0.246     -0.208     2.17101e-06
0.114     -0.193      2.17101e-06
-0.454     -0.032     2.17101e-06
0.157     -0.329      2.17101e-06
-0.040     0.057      2.17101e-06
0.342     0.353	      2.17101e-06
-0.059     -0.149     2.17101e-06
0.307     0.537	      2.17101e-06
-0.214     -0.392     2.17101e-06
-0.133     -0.313     2.17101e-06
0.045     -0.297      2.17101e-06
0.084     -0.110      2.17101e-06
-0.203     0.328      2.17101e-06
0.099     -0.168      2.17101e-06
0.124     -0.169      2.17101e-06
0.102     -0.594      2.17101e-06
-0.345     -0.663     2.17101e-06
-0.274     -0.500     2.17101e-06
-0.085     -0.506     2.17101e-06
0.115     -0.176      2.17101e-06
-0.328     -0.282     2.17101e-06
0.289     0.187	      2.17101e-06
0.270     0.792	      2.17101e-06
0.185     -0.233      2.17101e-06
-0.036     0.208      2.17101e-06
0.162     0.111	      2.17101e-06
-0.054     0.375      2.17101e-06
-0.210     -0.384     2.17101e-06
0.010     -0.207      2.17101e-06
0.514     0.604	      2.17101e-06
-0.186     -0.356     2.17101e-06
-0.114     -0.065     2.17101e-06
0.171     0.203	      2.17101e-06
-0.368     -0.065     2.17101e-06
0.324     0.003	      2.17101e-06
0.361     -0.131      2.17101e-06
0.127     0.093	      2.17101e-06
-0.111     -0.262     2.17101e-06
-0.620     0.106      2.17101e-06
-0.335     0.165      2.17101e-06
-0.121     -0.542     2.17101e-06
-0.028     -0.245     2.17101e-06
0.023     0.069	      2.17101e-06
0.015     0.661	      2.17101e-06
0.200     -0.284      2.17101e-06
0.141     0.723	      2.17101e-06
0.061     -0.375      2.17101e-06
-0.269     -0.453     2.17101e-06
-0.080     -0.399     2.17101e-06
0.085     0.070	      2.17101e-06
0.351     0.401	      2.17101e-06
0.128     -0.149      2.17101e-06
-0.136     -0.335     2.17101e-06
0.326     0.183	      2.17101e-06
0.132     -0.058      2.17101e-06
0.101     -0.043      2.17101e-06
0.252     -0.303      2.17101e-06
0.319     0.307	      2.17101e-06
-0.242     0.391      2.17101e-06
0.489     0.245	      2.17101e-06
-0.216     -0.191     2.17101e-06
0.058     -0.463      2.17101e-06
-0.194     -0.683     2.17101e-06
-0.285     -0.652     2.17101e-06
0.411     0.358	      2.17101e-06
0.120     0.061	      2.17101e-06
0.065     -0.397      2.17101e-06
0.112     -0.318      2.17101e-06
-0.096     -0.691     2.17101e-06
0.077     0.176	      2.17101e-06
-0.219     -0.545     2.17101e-06
-0.610     -0.353     2.17101e-06
0.246     0.034	      2.17101e-06
0.111     -0.074      2.17101e-06
0.041     -0.272      2.17101e-06
-0.422     0.436      2.17101e-06
-0.349     -0.480     2.17101e-06
0.033     -0.287      2.17101e-06
-0.233     0.075      2.17101e-06
0.455     0.488	      2.17101e-06
0.016     -0.341      2.17101e-06
0.393     0.298	      2.17101e-06
-0.259     -0.402     2.17101e-06
0.090     -0.251      2.17101e-06
0.195     0.252	      2.17101e-06
-0.480     0.204      2.17101e-06
0.114     -0.544      2.17101e-06
-0.135     -0.665     2.17101e-06
0.408     0.270	      2.17101e-06
-0.206     0.087      2.17101e-06
0.045     -0.121      2.17101e-06
0.010     0.024	      2.17101e-06
0.736     0.624	      2.17101e-06
0.287     0.284	      2.17101e-06
-0.510     -0.701     2.17101e-06
0.178     0.037	      2.17101e-06
0.023     -0.269      2.17101e-06
-0.104     -0.697     2.17101e-06
-0.609     -0.665     2.17101e-06
-0.231     -0.708     2.17101e-06
-0.242     -0.246     2.17101e-06
0.028     -0.324      2.17101e-06
-0.030     -0.386     2.17101e-06
-0.014     -0.208     2.17101e-06
0.575     0.805	      2.17101e-06
-0.013     0.477      2.17101e-06
-0.208     -0.707     2.17101e-06
0.336     0.571	      2.17101e-06
0.158     -0.073      2.17101e-06
-0.050     -0.273     2.17101e-06
-0.205     -0.119     2.17101e-06
-0.259     0.289      2.17101e-06
-0.027     0.192      2.17101e-06
-0.191     -0.465     2.17101e-06
-0.075     -0.372     2.17101e-06
0.501     0.849	      2.17101e-06
-0.068     -0.158     2.17101e-06
0.530     0.576	      2.17101e-06
-0.046     0.000      2.17101e-06
-0.211     -0.322     2.17101e-06
-0.183     -0.119     2.17101e-06
-0.441     -0.207     2.17101e-06
0.173     -0.389      2.17101e-06
-0.048     -0.464     2.17101e-06
-0.067     0.243      2.17101e-06
-0.049     -0.363     2.17101e-06
-0.291     -0.463     2.17101e-06
0.767     -0.014      2.17101e-06
0.454     0.690	      2.17101e-06
0.339     0.437	      2.17101e-06
-0.328     -0.322     2.17101e-06
0.558     -0.100      2.17101e-06
0.456     0.712	      2.17101e-06
0.160     -0.277      2.17101e-06
0.597     0.264	      2.17101e-06
0.234     0.438	      2.17101e-06
-0.375     -0.134     2.17101e-06
0.078     0.043	      2.17101e-06
-0.168     -0.388     2.17101e-06
-0.084     -0.094     2.17101e-06
0.223     0.008	      2.17101e-06
0.076     -0.228      2.17101e-06
0.232     -0.047      2.17101e-06
-0.153     -0.219     2.17101e-06
0.218     0.280	      2.17101e-06
0.173     0.014	      2.17101e-06
-0.168     -0.503     2.17101e-06
-0.197     0.139      2.17101e-06
-0.163     -0.006     2.17101e-06
-0.597     -0.624     2.17101e-06
-0.293     0.602      2.17101e-06
0.241     0.688	      2.17101e-06
0.286     0.129	      2.17101e-06
0.025     -0.096      2.17101e-06
-0.267     -0.585     2.17101e-06
0.049     -0.612      2.17101e-06
-0.054     -0.402     2.17101e-06
0.224     -0.139      2.17101e-06
-0.347     0.315      2.17101e-06
0.657     0.667	      2.17101e-06
-0.156     -0.246     2.17101e-06
-0.138     -0.463     2.17101e-06
0.630     0.409	      2.17101e-06
0.324     0.394	      2.17101e-06
0.082     -0.045      2.17101e-06
-0.142     -0.712     2.17101e-06
-0.354     -0.307     2.17101e-06
0.441     0.313	      2.17101e-06
-0.067     0.492      2.17101e-06
0.060     -0.445      2.17101e-06
-0.471     -0.571     2.17101e-06
-0.357     -0.599     2.17101e-06
-0.304     -0.513     2.17101e-06
-0.026     -0.332     2.17101e-06
-0.443     -0.633     2.17101e-06
-0.009     -0.390     2.17101e-06
0.124     0.289	      2.17101e-06
-0.002     0.776      2.17101e-06
-0.017     0.020      2.17101e-06
-0.017     -0.308     2.17101e-06
0.224     0.012	      2.17101e-06
-0.538     -0.509     2.17101e-06
0.292     0.013	      2.17101e-06
0.117     -0.211      2.17101e-06
0.134     -0.589      2.17101e-06
0.373     0.096	      2.17101e-06
-0.587     -0.059     2.17101e-06
0.040     -0.433      2.17101e-06
0.338     -0.251      2.17101e-06
0.637     0.721	      2.17101e-06
0.254     0.155	      2.17101e-06
-0.063     -0.237     2.17101e-06
0.016     0.262	      2.17101e-06
0.046     -0.001      2.17101e-06
-0.146     -0.387     2.17101e-06
-0.077     -0.264     2.17101e-06
-0.115     -0.173     2.17101e-06
-0.255     -0.553     2.17101e-06
-0.095     -0.590     2.17101e-06
0.227     -0.111      2.17101e-06
0.295     0.647	      2.17101e-06
-0.147     -0.230     2.17101e-06
-0.041     -0.161     2.17101e-06
-0.197     -0.271     2.17101e-06
0.022     -0.063      2.17101e-06
0.147     0.408	      2.17101e-06
-0.102     0.518      2.17101e-06
0.032     -0.174      2.17101e-06
0.530     0.502	      2.17101e-06
0.307     0.136	      2.17101e-06
0.139     -0.041      2.17101e-06
0.197     0.076	      2.17101e-06
0.289     -0.084      2.17101e-06
-0.257     -0.153     2.17101e-06
0.171     0.120	      2.17101e-06
-0.004     -0.309     2.17101e-06
-0.090     -0.399     2.17101e-06
0.043     -0.011      2.17101e-06
0.464     0.301	      2.17101e-06
-0.065     -0.073     2.17101e-06
0.355     0.356	      2.17101e-06
0.147     -0.206      2.17101e-06
0.284     0.136	      2.17101e-06
0.324     0.033	      2.17101e-06
-0.226     0.310      2.17101e-06
-0.107     0.496      2.17101e-06
0.497     0.455	      2.17101e-06
0.551     0.420	      2.17101e-06
-0.293     -0.241     2.17101e-06
0.519     0.328	      2.17101e-06
0.046     -0.207      2.17101e-06
0.014     -0.317      2.17101e-06
0.455     0.454	      2.17101e-06
-0.221     0.285      2.17101e-06
0.142     -0.305      2.17101e-06
-0.274     0.466      2.17101e-06
-0.603     -0.548     2.17101e-06
-0.468     -0.084     2.17101e-06
-0.312     -0.279     2.17101e-06
-0.144     -0.456     2.17101e-06
0.063     0.041	      2.17101e-06
0.560     0.645	      2.17101e-06
0.117     0.126	      2.17101e-06
0.085     -0.509      2.17101e-06
0.114     -0.258      2.17101e-06
-0.080     -0.208     2.17101e-06
-0.292     -0.729     2.17101e-06
-0.073     -0.473     2.17101e-06
0.096     -0.132      2.17101e-06
-0.383     -0.104     2.17101e-06
0.032     -0.371      2.17101e-06
-0.128     -0.475     2.17101e-06
-0.588     -0.143     2.17101e-06
-0.435     -0.570     2.17101e-06
0.244     -0.420      2.17101e-06
-0.013     -0.369     2.17101e-06
0.302     0.102	      2.17101e-06
0.102     -0.386      2.17101e-06
0.006     -0.198      2.17101e-06
0.084     -0.399      2.17101e-06
-0.244     -0.623     2.17101e-06
0.343     0.195	      2.17101e-06
0.286     0.472	      2.17101e-06
-0.023     -0.438     2.17101e-06
-0.154     -0.706     2.17101e-06
-0.078     -0.213     2.17101e-06
0.171     -0.012      2.17101e-06
-0.089     -0.574     2.17101e-06
0.445     0.380	      2.17101e-06
-0.031     -0.281     2.17101e-06
-0.343     0.153      2.17101e-06
0.028     0.713	      2.17101e-06
0.041     -0.584      2.17101e-06
0.010     -0.336      2.17101e-06
-0.622     -0.557     2.17101e-06
0.153     0.020	      2.17101e-06
0.045     0.184	      2.17101e-06
0.476     0.544	      2.17101e-06
-0.121     -0.578     2.17101e-06
0.298     0.447	      2.17101e-06
-0.155     -0.396     2.17101e-06
0.068     -0.417      2.17101e-06
0.241     0.108	      2.17101e-06
0.002     0.020	      2.17101e-06
0.698     0.426	      2.17101e-06
0.330     0.073	      2.17101e-06
-0.237     0.395      2.17101e-06
0.187     -0.044      2.17101e-06
-0.058     -0.697     2.17101e-06
-0.233     -0.586     2.17101e-06
0.320     -0.219      2.17101e-06
0.029     0.024	      2.17101e-06
0.331     0.298	      2.17101e-06
0.289     0.376	      2.17101e-06
-0.056     -0.057     2.17101e-06
0.132     -0.515      2.17101e-06
-0.003     -0.552     2.17101e-06
0.117     0.283	      2.17101e-06
0.382     -0.179      2.17101e-06
-0.027     -0.561     2.17101e-06
-0.196     -0.169     2.17101e-06
-0.139     -0.441     2.17101e-06
0.441     0.010	      2.17101e-06
0.451     0.510	      2.17101e-06
0.272     0.062	      2.17101e-06
0.237     -0.088      2.17101e-06
-0.005     -0.241     2.17101e-06
0.454     0.460	      2.17101e-06
-0.622     -0.603     2.17101e-06
0.037     -0.384      2.17101e-06
0.155     0.034	      2.17101e-06
0.129     0.175	      2.17101e-06
-0.199     -0.555     2.17101e-06
-0.425     -0.469     2.17101e-06
0.099     -0.203      2.17101e-06
-0.021     0.103      2.17101e-06
-0.015     -0.326     2.17101e-06
0.377     0.478	      2.17101e-06
0.409     0.374	      2.17101e-06
-0.797     -0.348     2.17101e-06
0.169     -0.068      2.17101e-06
0.026     -0.344      2.17101e-06
0.194     -0.041      2.17101e-06
0.048     0.758	      2.17101e-06
0.144     -0.209      2.17101e-06
-0.090     0.252      2.17101e-06
0.119     -0.346      2.17101e-06
0.093     -0.055      2.17101e-06
0.044     -0.257      2.17101e-06
0.065     0.172	      2.17101e-06
-0.216     0.753      2.17101e-06
0.041     -0.380      2.17101e-06
0.219     -0.105      2.17101e-06
0.420     0.141	      2.17101e-06
0.060     -0.306      2.17101e-06
0.413     0.499	      2.17101e-06
-0.089     0.653      2.17101e-06
0.118     -0.097      2.17101e-06
0.180     -0.347      2.17101e-06
0.242     0.483	      2.17101e-06
-0.322     -0.656     2.17101e-06
0.271     0.244	      2.17101e-06
0.185     -0.291      2.17101e-06
0.139     -0.450      2.17101e-06
0.253     0.224	      2.17101e-06
-0.368     -0.779     2.17101e-06
0.090     -0.109      2.17101e-06
0.435     0.236	      2.17101e-06
0.300     0.155	      2.17101e-06
0.210     0.704	      2.17101e-06
0.253     -0.097      2.17101e-06
-0.318     -0.453     2.17101e-06
-0.465     0.456      2.17101e-06
-0.228     -0.130     2.17101e-06
0.528     0.433	      2.17101e-06
-0.202     -0.047     2.17101e-06
0.003     -0.024      2.17101e-06
0.038     -0.414      2.17101e-06
-0.037     -0.075     2.17101e-06
0.308     0.074	      2.17101e-06
0.172     -0.116      2.17101e-06
-0.296     -0.261     2.17101e-06
0.151     -0.159      2.17101e-06
-0.099     -0.221     2.17101e-06
-0.145     -0.358     2.17101e-06
-0.342     -0.626     2.17101e-06
0.195     0.020	      2.17101e-06
-0.348     0.283      2.17101e-06
-0.000     -0.310     2.17101e-06
-0.079     -0.362     2.17101e-06
-0.529     0.140      2.17101e-06
-0.147     -0.026     2.17101e-06
-0.051     -0.056     2.17101e-06
0.283     0.225	      2.17101e-06
0.314     0.216	      2.17101e-06
0.311     0.556	      2.17101e-06
0.095     -0.355      2.17101e-06
0.046     -0.148      2.17101e-06
0.205     0.593	      2.17101e-06
0.246     0.110	      2.17101e-06
-0.137     -0.085     2.17101e-06
0.048     -0.238      2.17101e-06
0.052     0.372	      2.17101e-06
0.039     -0.359      2.17101e-06
-0.016     -0.448     2.17101e-06
0.490     0.616	      2.17101e-06
0.033     0.584	      2.17101e-06
-0.214     -0.085     2.17101e-06
0.233     0.242	      2.17101e-06
-0.186     -0.630     2.17101e-06
-0.152     -0.587     2.17101e-06
0.011     -0.098      2.17101e-06
0.060     0.087	      2.17101e-06
-0.025     -0.434     2.17101e-06
0.091     -0.507      2.17101e-06
0.219     0.103	      2.17101e-06
-0.335     -0.411     2.17101e-06
0.099     -0.233      2.17101e-06
0.043     -0.184      2.17101e-06
0.235     -0.374      2.17101e-06
0.339     0.235	      2.17101e-06
0.178     -0.128      2.17101e-06
-0.057     -0.392     2.17101e-06
0.034     -0.420      2.17101e-06
0.230     -0.231      2.17101e-06
0.249     0.016	      2.17101e-06
0.193     0.127	      2.17101e-06
0.059     0.086	      2.17101e-06
0.047     -0.530      2.17101e-06
0.118     -0.554      2.17101e-06
-0.343     -0.088     2.17101e-06
0.206     0.005	      2.17101e-06
0.628     0.529	      2.17101e-06
-0.502     -0.152     2.17101e-06
-0.075     -0.240     2.17101e-06
-0.107     -0.289     2.17101e-06
-0.106     -0.095     2.17101e-06
0.043     -0.612      2.17101e-06
0.129     0.102	      2.17101e-06
0.163     -0.432      2.17101e-06
0.386     0.047	      2.17101e-06
0.137     -0.038      2.17101e-06
0.325     0.170	      2.17101e-06
-0.375     -0.163     2.17101e-06
0.189     0.529	      2.17101e-06
0.285     -0.017      2.17101e-06
0.104     -0.192      2.17101e-06
0.250     -0.021      2.17101e-06
0.167     0.478	      2.17101e-06
0.227     0.415	      2.17101e-06
0.003     -0.392      2.17101e-06
0.035     0.089	      2.17101e-06
0.081     -0.308      2.17101e-06
0.343     0.254	      2.17101e-06
-0.145     -0.316     2.17101e-06
0.128     0.758	      2.17101e-06
0.110     0.426	      2.17101e-06
0.395     0.472	      2.17101e-06
0.076     0.143	      2.17101e-06
-0.024     -0.662     2.17101e-06
-0.493     0.017      2.17101e-06
0.270     0.543	      2.17101e-06
-0.073     0.546      2.17101e-06
-0.305     -0.339     2.17101e-06
0.037     -0.616      2.17101e-06
0.005     -0.363      2.17101e-06
-0.180     -0.526     2.17101e-06
-0.123     0.083      2.17101e-06
0.016     -0.407      2.17101e-06
0.398     -0.117      2.17101e-06
-0.549     -0.795     2.17101e-06
0.470     0.006	      2.17101e-06
0.002     0.384	      2.17101e-06
-0.030     -0.203     2.17101e-06
0.191     -0.220      2.17101e-06
0.129     -0.019      2.17101e-06
-0.299     -0.408     2.17101e-06
0.298     -0.142      2.17101e-06
0.243     0.662	      2.17101e-06
0.201     -0.029      2.17101e-06
-0.047     -0.296     2.17101e-06
0.057     -0.599      2.17101e-06
-0.103     -0.659     2.17101e-06
-0.077     0.048      2.17101e-06
-0.133     -0.554     2.17101e-06
-0.142     -0.610     2.17101e-06
0.135     0.435	      2.17101e-06
0.208     -0.004      2.17101e-06
0.024     0.081	      2.17101e-06
0.494     0.371	      2.17101e-06
0.383     0.228	      2.17101e-06
-0.091     -0.221     2.17101e-06
0.198     0.109	      2.17101e-06
-0.368     0.252      2.17101e-06
0.325     -0.037      2.17101e-06
0.493     0.416	      2.17101e-06
0.118     -0.218      2.17101e-06
-0.050     0.054      2.17101e-06
0.080     -0.291      2.17101e-06
0.109     -0.207      2.17101e-06
0.192     -0.121      2.17101e-06
0.108     -0.060      2.17101e-06
-0.308     -0.150     2.17101e-06
0.606     0.501	      2.17101e-06
0.084     -0.363      2.17101e-06
0.040     -0.184      2.17101e-06
0.391     0.252	      2.17101e-06
-0.192     -0.323     2.17101e-06
-0.211     -0.311     2.17101e-06
0.551     0.156	      2.17101e-06
-0.025     0.053      2.17101e-06
-0.081     0.593      2.17101e-06
-0.026     -0.509     2.17101e-06
0.566     0.410	      2.17101e-06
-0.383     -0.583     2.17101e-06
-0.415     -0.164     2.17101e-06
0.206     -0.467      2.17101e-06
-0.315     0.132      2.17101e-06
-0.729     0.320      2.17101e-06
0.100     0.260	      2.17101e-06
0.554     0.518	      2.17101e-06
-0.149     0.125      2.17101e-06
-0.185     -0.130     2.17101e-06
-0.060     0.727      2.17101e-06
0.325     0.553	      2.17101e-06
0.257     0.439	      2.17101e-06
-0.596     0.429      2.17101e-06
0.247     -0.033      2.17101e-06
0.340     -0.184      2.17101e-06
0.158     0.379	      2.17101e-06
0.342     0.753	      2.17101e-06
0.049     -0.619      2.17101e-06
0.382     0.324	      2.17101e-06
-0.192     -0.484     2.17101e-06
0.097     -0.137      2.17101e-06
0.048     -0.069      2.17101e-06
-0.318     -0.646     2.17101e-06
-0.067     -0.489     2.17101e-06
-0.231     -0.474     2.17101e-06
0.005     -0.541      2.17101e-06
-0.052     -0.552     2.17101e-06
-0.247     -0.613     2.17101e-06
0.410     0.364	      2.17101e-06
0.018     0.313	      2.17101e-06
0.132     -0.412      2.17101e-06
0.330     0.078	      2.17101e-06
0.376     0.519	      2.17101e-06
0.277     -0.374      2.17101e-06
0.271     -0.312      2.17101e-06
0.013     -0.281      2.17101e-06
0.176     -0.162      2.17101e-06
0.157     -0.043      2.17101e-06
0.172     -0.254      2.17101e-06
0.532     0.223	      2.17101e-06
-0.325     -0.815     2.17101e-06
0.382     0.382	      2.17101e-06
-0.468     -0.327     2.17101e-06
-0.100     -0.405     2.17101e-06
0.500     0.417	      2.17101e-06
0.060     0.171	      2.17101e-06
-0.320     -0.222     2.17101e-06
0.205     -0.087      2.17101e-06
0.084     -0.339      2.17101e-06
-0.064     -0.235     2.17101e-06
0.111     -0.329      2.17101e-06
0.330     -0.297      2.17101e-06
-0.219     -0.715     2.17101e-06
-0.118     -0.620     2.17101e-06
0.321     0.300	      2.17101e-06
-0.070     -0.475     2.17101e-06
0.134     -0.024      2.17101e-06
-0.053     0.106      2.17101e-06
-0.179     -0.729     2.17101e-06
0.186     -0.223      2.17101e-06
-0.042     -0.534     2.17101e-06
0.540     0.080	      2.17101e-06
-0.011     -0.311     2.17101e-06
-0.092     -0.658     2.17101e-06
-0.024     -0.311     2.17101e-06
0.172     -0.223      2.17101e-06
0.113     0.003	      2.17101e-06
0.072     -0.416      2.17101e-06
-0.389     0.080      2.17101e-06
-0.162     -0.574     2.17101e-06
0.084     -0.048      2.17101e-06
0.152     -0.421      2.17101e-06
-0.104     -0.398     2.17101e-06
-0.023     0.016      2.17101e-06
0.024     -0.301      2.17101e-06
-0.162     -0.051     2.17101e-06
-0.318     -0.188     2.17101e-06
0.300     0.102	      2.17101e-06
0.190     -0.400      2.17101e-06
-0.198     -0.411     2.17101e-06
0.098     -0.371      2.17101e-06
-0.067     -0.277     2.17101e-06
0.253     -0.007      2.17101e-06
-0.088     -0.201     2.17101e-06
0.167     -0.122      2.17101e-06
-0.061     -0.295     2.17101e-06
0.300     0.503	      2.17101e-06
-0.296     -0.648     2.17101e-06
-0.056     -0.012     2.17101e-06
0.074     0.206	      2.17101e-06
0.040     -0.331      2.17101e-06
0.265     0.014	      2.17101e-06
0.145     0.475	      2.17101e-06
0.417     0.054	      2.17101e-06
-0.078     -0.301     2.17101e-06
0.032     -0.349      2.17101e-06
0.123     -0.090      2.17101e-06
0.288     0.129	      2.17101e-06
0.302     -0.220      2.17101e-06
0.187     -0.051      2.17101e-06
0.125     -0.374      2.17101e-06
0.598     0.456	      2.17101e-06
0.229     -0.241      2.17101e-06
0.206     0.116	      2.17101e-06
-0.046     -0.477     2.17101e-06
0.523     0.148	      2.17101e-06
-0.050     -0.417     2.17101e-06
-0.302     -0.749     2.17101e-06
0.008     -0.444      2.17101e-06
-0.131     -0.497     2.17101e-06
-0.304     -0.348     2.17101e-06
0.326     -0.055      2.17101e-06
0.423     0.464	      2.17101e-06
0.327     0.444	      2.17101e-06
0.190     -0.366      2.17101e-06
-0.215     -0.463     2.17101e-06
0.001     0.191	      2.17101e-06
0.058     0.150	      2.17101e-06
-0.244     -0.568     2.17101e-06
0.287     0.091	      2.17101e-06
-0.103     -0.458     2.17101e-06
0.302     0.133	      2.17101e-06
0.125     -0.374      2.17101e-06
0.446     0.495	      2.17101e-06
-0.279     -0.435     2.17101e-06
0.022     -0.356      2.17101e-06
0.056     -0.407      2.17101e-06
0.721     0.664	      2.17101e-06
0.356     0.121	      2.17101e-06
-0.105     -0.131     2.17101e-06
0.173     -0.021      2.17101e-06
0.128     -0.236      2.17101e-06
-0.217     -0.440     2.17101e-06
-0.086     -0.484     2.17101e-06
-0.301     0.158      2.17101e-06
-0.242     0.151      2.17101e-06
0.041     -0.272      2.17101e-06
0.220     0.185	      2.17101e-06
0.014     0.190	      2.17101e-06
-0.602     0.650      2.17101e-06
-0.051     -0.536     2.17101e-06
0.089     -0.453      2.17101e-06
-0.255     -0.428     2.17101e-06
-0.276     -0.336     2.17101e-06
0.116     -0.296      2.17101e-06
-0.027     -0.402     2.17101e-06
-0.670     -0.685     2.17101e-06
0.128     -0.439      2.17101e-06
0.370     0.128	      2.17101e-06
-0.051     -0.457     2.17101e-06
-0.155     -0.430     2.17101e-06
-0.255     0.487      2.17101e-06
0.246     0.105	      2.17101e-06
-0.208     0.222      2.17101e-06
0.225     0.267	      2.17101e-06
-0.137     0.465      2.17101e-06
-0.095     -0.346     2.17101e-06
0.550     0.580	      2.17101e-06
0.132     -0.059      2.17101e-06
0.349     0.359	      2.17101e-06
0.612     0.499	      2.17101e-06
-0.179     -0.188     2.17101e-06
-0.253     -0.417     2.17101e-06
-0.255     -0.466     2.17101e-06
-0.088     -0.550     2.17101e-06
0.125     -0.413      2.17101e-06
0.023     -0.311      2.17101e-06
0.246     -0.067      2.17101e-06
0.115     0.059	      2.17101e-06
0.051     0.697	      2.17101e-06
0.227     0.063	      2.17101e-06
-0.011     -0.064     2.17101e-06
0.499     0.474	      2.17101e-06
0.171     0.048	      2.17101e-06
0.100     -0.310      2.17101e-06
0.092     0.260	      2.17101e-06
0.370     0.341	      2.17101e-06
0.016     -0.183      2.17101e-06
0.319     -0.055      2.17101e-06
-0.410     -0.574     2.17101e-06
-0.333     -0.239     2.17101e-06
-0.080     -0.243     2.17101e-06
0.073     -0.589      2.17101e-06
-0.065     -0.316     2.17101e-06
-0.001     0.184      2.17101e-06
-0.027     -0.172     2.17101e-06
-0.573     0.475      2.17101e-06
0.083     -0.270      2.17101e-06
0.097     0.093	      2.17101e-06
0.041     -0.062      2.17101e-06
-0.153     0.079      2.17101e-06
-0.213     0.401      2.17101e-06
-0.061     -0.585     2.17101e-06
-0.076     -0.136     2.17101e-06
0.280     -0.281      2.17101e-06
-0.361     -0.517     2.17101e-06
-0.021     -0.457     2.17101e-06
0.288     0.132	      2.17101e-06
-0.072     -0.284     2.17101e-06
-0.153     -0.465     2.17101e-06
0.077     -0.451      2.17101e-06
-0.032     -0.529     2.17101e-06
0.713     0.713	      2.17101e-06
0.317     0.119	      2.17101e-06
0.191     -0.080      2.17101e-06
-0.356     -0.441     2.17101e-06
-0.259     -0.615     2.17101e-06
-0.216     -0.608     2.17101e-06
0.049     -0.549      2.17101e-06
0.267     0.201	      2.17101e-06
-0.022     -0.500     2.17101e-06
0.004     0.017	      2.17101e-06
0.138     0.185	      2.17101e-06
0.096     0.151	      2.17101e-06
0.289     0.259	      2.17101e-06
0.046     -0.371      2.17101e-06
0.066     -0.276      2.17101e-06
0.223     -0.537      2.17101e-06
0.202     -0.057      2.17101e-06
0.384     0.645	      2.17101e-06
0.022     -0.475      2.17101e-06
-0.462     -0.287     2.17101e-06
0.257     0.545	      2.17101e-06
0.441     0.416	      2.17101e-06
0.448     0.437	      2.17101e-06
-0.369     -0.771     2.17101e-06
0.063     0.314	      2.17101e-06
0.039     -0.055      2.17101e-06
0.206     -0.215      2.17101e-06
-0.060     -0.444     2.17101e-06
0.360     0.133	      2.17101e-06
0.248     0.736	      2.17101e-06
0.105     -0.054      2.17101e-06
-0.050     -0.082     2.17101e-06
0.135     -0.488      2.17101e-06
0.112     -0.066      2.17101e-06
0.471     0.309	      2.17101e-06
0.463     0.525	      2.17101e-06
-0.009     -0.150     2.17101e-06
0.095     -0.613      2.17101e-06
0.157     -0.021      2.17101e-06
-0.114     -0.617     2.17101e-06
-0.011     -0.079     2.17101e-06
-0.071     -0.330     2.17101e-06
-0.038     -0.027     2.17101e-06
0.314     0.573	      2.17101e-06
-0.436     0.670      2.17101e-06
0.213     -0.308      2.17101e-06
0.146     -0.175      2.17101e-06
0.062     0.018	      2.17101e-06
0.194     0.173	      2.17101e-06
0.175     -0.130      2.17101e-06
0.580     0.560	      2.17101e-06
-0.173     -0.407     2.17101e-06
0.178     -0.169      2.17101e-06
0.144     -0.099      2.17101e-06
0.330     0.387	      2.17101e-06
0.460     0.344	      2.17101e-06
-0.130     -0.407     2.17101e-06
0.174     -0.158      2.17101e-06
0.053     0.301	      2.17101e-06
0.042     -0.089      2.17101e-06
0.150     -0.018      2.17101e-06
-0.806     0.102      2.17101e-06
-0.003     -0.505     2.17101e-06
0.090     -0.557      2.17101e-06
0.143     -0.325      2.17101e-06
-0.006     -0.292     2.17101e-06
0.024     -0.239      2.17101e-06
-0.089     -0.604     2.17101e-06
0.332     -0.165      2.17101e-06
-0.029     -0.572     2.17101e-06
0.287     0.325	      2.17101e-06
-0.060     -0.522     2.17101e-06
0.242     -0.014      2.17101e-06
-0.008     0.259      2.17101e-06
0.486     0.293	      2.17101e-06
-0.494     0.132      2.17101e-06
0.334     0.146	      2.17101e-06
-0.009     -0.139     2.17101e-06
-0.342     -0.092     2.17101e-06
0.631     0.686	      2.17101e-06
0.043     -0.080      2.17101e-06
-0.347     -0.284     2.17101e-06
0.039     -0.237      2.17101e-06
-0.095     -0.411     2.17101e-06
0.108     0.177	      2.17101e-06
0.265     0.060	      2.17101e-06
0.192     -0.145      2.17101e-06
0.381     0.319	      2.17101e-06
-0.293     -0.589     2.17101e-06
-0.458     0.221      2.17101e-06
-0.049     0.285      2.17101e-06
0.169     -0.124      2.17101e-06
0.167     0.492	      2.17101e-06
-0.143     0.275      2.17101e-06
0.181     0.073	      2.17101e-06
-0.447     -0.565     2.17101e-06
0.231     0.095	      2.17101e-06
-0.334     -0.783     2.17101e-06
-0.229     -0.607     2.17101e-06
0.096     -0.492      2.17101e-06
0.396     0.364	      2.17101e-06
-0.002     -0.605     2.17101e-06
-0.354     -0.144     2.17101e-06
0.414     0.362	      2.17101e-06
0.057     -0.018      2.17101e-06
-0.770     -0.309     2.17101e-06
-0.024     -0.435     2.17101e-06
-0.362     -0.138     2.17101e-06
-0.161     -0.518     2.17101e-06
0.106     -0.133      2.17101e-06
-0.471     -0.559     2.17101e-06
0.462     0.213	      2.17101e-06
-0.143     -0.387     2.17101e-06
0.090     0.084	      2.17101e-06
-0.145     0.316      2.17101e-06
-0.039     -0.274     2.17101e-06
-0.069     -0.526     2.17101e-06
0.266     -0.038      2.17101e-06
0.012     -0.048      2.17101e-06
0.281     0.297	      2.17101e-06
0.006     -0.395      2.17101e-06
-0.003     -0.447     2.17101e-06
0.115     -0.342      2.17101e-06
0.484     0.452	      2.17101e-06
0.257     -0.025      2.17101e-06
0.411     0.017	      2.17101e-06
0.122     -0.450      2.17101e-06
-0.366     -0.210     2.17101e-06
0.181     -0.029      2.17101e-06
0.171     -0.018      2.17101e-06
0.314     0.014	      2.17101e-06
-0.356     0.631      2.17101e-06
0.419     0.713	      2.17101e-06
0.194     -0.252      2.17101e-06
0.151     0.574	      2.17101e-06
0.127     -0.466      2.17101e-06
0.296     0.654	      2.17101e-06
-0.172     -0.126     2.17101e-06
-0.160     -0.696     2.17101e-06
0.134     -0.161      2.17101e-06
0.079     -0.052      2.17101e-06
-0.185     -0.719     2.17101e-06
0.046     -0.222      2.17101e-06
0.014     -0.143      2.17101e-06
0.136     0.399	      2.17101e-06
-0.009     0.171      2.17101e-06
-0.205     0.244      2.17101e-06
0.431     0.478	      2.17101e-06
-0.223     -0.545     2.17101e-06
0.149     0.389	      2.17101e-06
-0.040     -0.001     2.17101e-06
0.173     0.753	      2.17101e-06
0.099     0.081	      2.17101e-06
0.091     0.045	      2.17101e-06
-0.490     0.249      2.17101e-06
0.286     -0.328      2.17101e-06
-0.252     -0.573     2.17101e-06
0.391     0.245	      2.17101e-06
0.008     -0.543      2.17101e-06
-0.236     -0.393     2.17101e-06
-0.139     -0.462     2.17101e-06
-0.140     -0.106     2.17101e-06
-0.089     -0.444     2.17101e-06
0.101     -0.533      2.17101e-06
0.086     0.438	      2.17101e-06
-0.219     -0.284     2.17101e-06
0.393     0.022	      2.17101e-06
0.308     0.117	      2.17101e-06
0.173     -0.054      2.17101e-06
-0.263     -0.527     2.17101e-06
0.336     0.127	      2.17101e-06
0.080     -0.164      2.17101e-06
0.458     0.528	      2.17101e-06
0.253     0.420	      2.17101e-06
-0.088     0.416      2.17101e-06
0.467     0.624	      2.17101e-06
0.084     -0.086      2.17101e-06
-0.337     -0.258     2.17101e-06
0.173     -0.039      2.17101e-06
0.005     -0.547      2.17101e-06
0.080     0.022	      2.17101e-06
-0.142     -0.387     2.17101e-06
0.163     0.012	      2.17101e-06
0.068     0.410	      2.17101e-06
0.043     -0.444      2.17101e-06
0.059     -0.442      2.17101e-06
0.239     -0.070      2.17101e-06
-0.427     -0.068     2.17101e-06
-0.057     -0.249     2.17101e-06
0.217     -0.437      2.17101e-06
-0.158     -0.443     2.17101e-06
0.397     0.210	      2.17101e-06
-0.241     -0.562     2.17101e-06
0.066     -0.033      2.17101e-06
-0.315     -0.711     2.17101e-06
-0.007     -0.302     2.17101e-06
0.381     0.113	      2.17101e-06
0.199     0.127	      2.17101e-06
0.327     0.626	      2.17101e-06
0.457     0.745	      2.17101e-06
0.043     -0.550      2.17101e-06
0.534     0.511	      2.17101e-06
-0.047     -0.468     2.17101e-06
-0.387     -0.749     2.17101e-06
-0.310     -0.349     2.17101e-06
0.314     0.063	      2.17101e-06
-0.030     -0.046     2.17101e-06
-0.009     0.704      2.17101e-06
-0.417     0.319      2.17101e-06
0.106     0.726	      2.17101e-06
-0.168     -0.428     2.17101e-06
-0.473     -0.121     2.17101e-06
0.144     0.001	      2.17101e-06
-0.386     -0.545     2.17101e-06
-0.448     -0.514     2.17101e-06
-0.048     -0.449     2.17101e-06
0.043     -0.175      2.17101e-06
0.105     -0.618      2.17101e-06
0.170     -0.095      2.17101e-06
-0.193     -0.577     2.17101e-06
-0.071     0.538      2.17101e-06
-0.100     -0.588     2.17101e-06
0.241     0.106	      2.17101e-06
-0.021     -0.372     2.17101e-06
0.025     -0.118      2.17101e-06
-0.082     -0.257     2.17101e-06
-0.117     -0.232     2.17101e-06
-0.086     -0.365     2.17101e-06
-0.029     -0.230     2.17101e-06
-0.059     0.513      2.17101e-06
0.228     -0.087      2.17101e-06
-0.319     -0.561     2.17101e-06
0.302     -0.092      2.17101e-06
-0.028     -0.335     2.17101e-06
0.149     -0.507      2.17101e-06
0.174     0.641	      2.17101e-06
-0.047     -0.243     2.17101e-06
-0.188     -0.364     2.17101e-06
0.163     -0.123      2.17101e-06
0.078     0.073	      2.17101e-06
0.055     -0.266      2.17101e-06
-0.416     0.304      2.17101e-06
-0.031     -0.361     2.17101e-06
0.282     0.026	      2.17101e-06
0.379     0.141	      2.17101e-06
-0.127     -0.318     2.17101e-06
0.023     -0.383      2.17101e-06
0.160     0.006	      2.17101e-06
-0.113     -0.257     2.17101e-06
0.077     -0.125      2.17101e-06
-0.033     0.594      2.17101e-06
-0.239     -0.558     2.17101e-06
0.088     0.058	      2.17101e-06
-0.440     -0.533     2.17101e-06
0.292     0.213	      2.17101e-06
0.481     0.534	      2.17101e-06
0.051     -0.222      2.17101e-06
0.052     0.264	      2.17101e-06
0.058     -0.341      2.17101e-06
-0.160     -0.410     2.17101e-06
-0.099     -0.680     2.17101e-06
-0.057     0.013      2.17101e-06
-0.200     -0.548     2.17101e-06
-0.143     -0.288     2.17101e-06
0.059     -0.520      2.17101e-06
0.235     0.397	      2.17101e-06
0.367     0.155	      2.17101e-06
0.294     0.021	      2.17101e-06
0.136     0.178	      2.17101e-06
0.497     0.382	      2.17101e-06
-0.035     -0.425     2.17101e-06
-0.568     -0.382     2.17101e-06
-0.184     -0.418     2.17101e-06
-0.083     -0.521     2.17101e-06
-0.001     -0.338     2.17101e-06
-0.348     0.279      2.17101e-06
0.367     0.298	      2.17101e-06
0.272     -0.062      2.17101e-06
0.168     -0.003      2.17101e-06
-0.354     0.348      2.17101e-06
-0.384     -0.764     2.17101e-06
-0.050     -0.158     2.17101e-06
0.193     0.516	      2.17101e-06
-0.205     -0.164     2.17101e-06
-0.646     0.367      2.17101e-06
-0.162     -0.414     2.17101e-06
-0.197     -0.425     2.17101e-06
-0.126     -0.598     2.17101e-06
-0.337     -0.544     2.17101e-06
-0.169     -0.286     2.17101e-06
-0.366     -0.399     2.17101e-06
-0.356     0.435      2.17101e-06
0.535     0.299	      2.17101e-06
0.138     -0.531      2.17101e-06
0.171     0.053	      2.17101e-06
0.221     0.042	      2.17101e-06
0.108     -0.098      2.17101e-06
0.264     -0.136      2.17101e-06
0.272     0.122	      2.17101e-06
0.435     0.243	      2.17101e-06
0.340     0.056	      2.17101e-06
-0.125     -0.702     2.17101e-06
0.263     -0.263      2.17101e-06
0.179     0.342	      2.17101e-06
0.131     -0.072      2.17101e-06
0.119     -0.549      2.17101e-06
0.143     -0.472      2.17101e-06
0.003     0.098	      2.17101e-06
0.114     -0.112      2.17101e-06
0.071     0.167	      2.17101e-06
-0.298     -0.564     2.17101e-06
-0.119     -0.351     2.17101e-06
0.013     0.154	      2.17101e-06
0.086     -0.021      2.17101e-06
0.437     0.514	      2.17101e-06
0.252     -0.148      2.17101e-06
0.244     0.196	      2.17101e-06
0.336     0.402	      2.17101e-06
-0.001     -0.027     2.17101e-06
0.391     0.097	      2.17101e-06
-0.264     0.317      2.17101e-06
-0.033     -0.308     2.17101e-06
0.004     -0.019      2.17101e-06
-0.262     -0.064     2.17101e-06
0.327     0.135	      2.17101e-06
-0.028     -0.247     2.17101e-06
0.003     -0.106      2.17101e-06
0.178     -0.089      2.17101e-06
-0.027     -0.251     2.17101e-06
-0.443     0.529      2.17101e-06
-0.037     -0.357     2.17101e-06
-0.306     -0.552     2.17101e-06
-0.252     0.349      2.17101e-06
0.227     -0.180      2.17101e-06
-0.214     -0.393     2.17101e-06
0.018     -0.174      2.17101e-06
-0.427     -0.574     2.17101e-06
0.036     0.070	      2.17101e-06
-0.278     -0.598     2.17101e-06
-0.347     -0.576     2.17101e-06
0.006     -0.595      2.17101e-06
-0.059     0.481      2.17101e-06
0.320     0.564	      2.17101e-06
-0.001     -0.225     2.17101e-06
-0.535     0.454      2.17101e-06
0.220     -0.091      2.17101e-06
-0.002     -0.193     2.17101e-06
-0.242     -0.062     2.17101e-06
0.024     -0.652      2.17101e-06
-0.326     -0.601     2.17101e-06
0.101     -0.041      2.17101e-06
0.083     -0.177      2.17101e-06
-0.203     -0.467     2.17101e-06
0.144     -0.256      2.17101e-06
0.187     0.176	      2.17101e-06
0.464     0.316	      2.17101e-06
0.125     -0.262      2.17101e-06
0.080     0.332	      2.17101e-06
0.174     -0.331      2.17101e-06
-0.681     -0.843     2.17101e-06
-0.298     -0.527     2.17101e-06
-0.296     -0.510     2.17101e-06
-0.158     0.573      2.17101e-06
-0.036     -0.526     2.17101e-06
-0.369     -0.536     2.17101e-06
-0.525     -0.775     2.17101e-06
0.257     0.533	      2.17101e-06
-0.035     -0.302     2.17101e-06
0.226     -0.221      2.17101e-06
0.325     0.561	      2.17101e-06
0.034     0.162	      2.17101e-06
0.099     0.095	      2.17101e-06
0.011     0.539	      2.17101e-06
0.014     0.184	      2.17101e-06
0.086     0.249	      2.17101e-06
-0.183     -0.627     2.17101e-06
0.017     -0.267      2.17101e-06
0.174     0.583	      2.17101e-06
0.085     -0.180      2.17101e-06
-0.146     0.502      2.17101e-06
-0.102     -0.526     2.17101e-06
0.095     -0.377      2.17101e-06
-0.379     0.008      2.17101e-06
0.098     0.247	      2.17101e-06
0.007     -0.003      2.17101e-06
0.030     -0.303      2.17101e-06
0.336     0.310	      2.17101e-06
0.081     -0.075      2.17101e-06
0.136     -0.172      2.17101e-06
0.119     -0.195      2.17101e-06
0.254     -0.093      2.17101e-06
-0.320     0.060      2.17101e-06
0.096     0.280	      2.17101e-06
0.282     -0.340      2.17101e-06
-0.370     -0.129     2.17101e-06
-0.369     -0.690     2.17101e-06
-0.288     -0.221     2.17101e-06
0.022     -0.054      2.17101e-06
0.110     -0.370      2.17101e-06
0.062     0.293	      2.17101e-06
0.529     0.679	      2.17101e-06
0.056     -0.381      2.17101e-06
-0.344     -0.473     2.17101e-06
-0.600     -0.386     2.17101e-06
-0.225     -0.062     2.17101e-06
0.058     -0.422      2.17101e-06
-0.078     0.212      2.17101e-06
0.025     0.124	      2.17101e-06
0.054     0.570	      2.17101e-06
-0.363     -0.381     2.17101e-06
0.283     0.029	      2.17101e-06
0.344     0.091	      2.17101e-06
-0.101     -0.221     2.17101e-06
-0.091     -0.542     2.17101e-06
0.088     0.163	      2.17101e-06
0.486     -0.067      2.17101e-06
0.124     0.569	      2.17101e-06
-0.129     -0.610     2.17101e-06
0.265     0.330	      2.17101e-06
0.230     0.203	      2.17101e-06
0.293     0.107	      2.17101e-06
0.105     -0.321      2.17101e-06
0.283     0.123	      2.17101e-06
0.159     -0.036      2.17101e-06
0.074     -0.140      2.17101e-06
-0.408     -0.507     2.17101e-06
-0.014     0.542      2.17101e-06
0.131     0.427	      2.17101e-06
0.045     -0.325      2.17101e-06
-0.237     -0.702     2.17101e-06
0.057     -0.039      2.17101e-06
0.660     0.549	      2.17101e-06
0.115     0.333	      2.17101e-06
0.099     0.047	      2.17101e-06
0.378     0.228	      2.17101e-06
-0.180     0.429      2.17101e-06
0.042     -0.254      2.17101e-06
0.139     -0.139      2.17101e-06
0.722     0.755	      2.17101e-06
-0.009     0.125      2.17101e-06
0.184     -0.215      2.17101e-06
0.132     -0.384      2.17101e-06
0.119     0.023	      2.17101e-06
0.141     -0.099      2.17101e-06
0.070     -0.328      2.17101e-06
0.222     0.035	      2.17101e-06
-0.078     -0.503     2.17101e-06
0.043     -0.557      2.17101e-06
-0.115     -0.325     2.17101e-06
-0.573     0.600      2.17101e-06
0.113     -0.449      2.17101e-06
0.104     0.059	      2.17101e-06
-0.069     -0.531     2.17101e-06
0.394     0.250	      2.17101e-06
-0.123     -0.520     2.17101e-06
0.467     0.370	      2.17101e-06
-0.023     -0.387     2.17101e-06
-0.120     -0.163     2.17101e-06
-0.540     0.147      2.17101e-06
-0.196     -0.400     2.17101e-06
0.034     -0.378      2.17101e-06
-0.326     -0.472     2.17101e-06
-0.432     -0.644     2.17101e-06
0.008     -0.075      2.17101e-06
0.022     -0.280      2.17101e-06
0.222     -0.220      2.17101e-06
